9.878085170663535308e-01 1.556738051541479706e-01 0.000000000000000000e+00 -8.000208952224113546e+00 -1.556738051541479706e-01 9.878085170663535308e-01 0.000000000000000000e+00 4.999943604910278339e+00 0.000000000000000000e+00 0.000000000000000000e+00 1.000000000000000000e+00 0.000000000000000000e+00
9.817287227794080362e-01 1.902858766958601955e-01 0.000000000000000000e+00 -8.137052031628643434e+00 -1.902858766958601955e-01 9.817287227794080362e-01 0.000000000000000000e+00 4.609262467518304263e+00 0.000000000000000000e+00 0.000000000000000000e+00 1.000000000000000000e+00 0.000000000000000000e+00
9.815364700455059266e-01 1.912750845526090537e-01 0.000000000000000000e+00 -8.289470492836557014e+00 -1.912750845526090537e-01 9.815364700455059266e-01 0.000000000000000000e+00 4.221317055190179524e+00 0.000000000000000000e+00 0.000000000000000000e+00 1.000000000000000000e+00 0.000000000000000000e+00
9.842868585165388540e-01 1.765768392276945153e-01 0.000000000000000000e+00 -8.402141952395613345e+00 -1.765768392276945153e-01 9.842868585165388540e-01 0.000000000000000000e+00 3.870278341475438477e+00 0.000000000000000000e+00 0.000000000000000000e+00 1.000000000000000000e+00 0.000000000000000000e+00
9.897215167616318920e-01 1.430081090674748534e-01 0.000000000000000000e+00 -8.508198949771747621e+00 -1.430081090674748534e-01 9.897215167616318920e-01 0.000000000000000000e+00 3.518001669497957895e+00 0.000000000000000000e+00 0.000000000000000000e+00 1.000000000000000000e+00 0.000000000000000000e+00
9.982533850257615526e-01 5.907773933224530483e-02 0.000000000000000000e+00 -8.613713205509343496e+00 -5.907773933224530483e-02 9.982533850257615526e-01 0.000000000000000000e+00 3.009535622454573733e+00 0.000000000000000000e+00 0.000000000000000000e+00 1.000000000000000000e+00 0.000000000000000000e+00
9.888741127548423826e-01 1.487547952952218422e-01 0.000000000000000000e+00 -8.522643755127530696e+00 -1.487547952952218422e-01 9.888741127548423826e-01 0.000000000000000000e+00 2.442813146565146365e+00 0.000000000000000000e+00 0.000000000000000000e+00 1.000000000000000000e+00 0.000000000000000000e+00
9.794455912279206311e-01 2.017085368153491431e-01 0.000000000000000000e+00 -8.629856493208359680e+00 -2.017085368153491431e-01 9.794455912279206311e-01 0.000000000000000000e+00 1.973346790080321655e+00 0.000000000000000000e+00 0.000000000000000000e+00 1.000000000000000000e+00 0.000000000000000000e+00
9.959586816618256622e-01 8.981260725776818443e-02 0.000000000000000000e+00 -8.725970877675552018e+00 -8.981260725776818443e-02 9.959586816618256622e-01 0.000000000000000000e+00 1.556702037660707028e+00 0.000000000000000000e+00 0.000000000000000000e+00 1.000000000000000000e+00 0.000000000000000000e+00
9.985112388738345279e-01 5.454636415601190474e-02 0.000000000000000000e+00 -8.824260537586280151e+00 -5.454636415601190474e-02 9.985112388738345279e-01 0.000000000000000000e+00 1.077862328847076112e+00 0.000000000000000000e+00 0.000000000000000000e+00 1.000000000000000000e+00 0.000000000000000000e+00
9.982781174590417139e-01 5.865833446690820602e-02 0.000000000000000000e+00 -8.764595819286649103e+00 -5.865833446690820602e-02 9.982781174590417139e-01 0.000000000000000000e+00 6.332954060205847613e-01 0.000000000000000000e+00 0.000000000000000000e+00 1.000000000000000000e+00 0.000000000000000000e+00
9.606421489240176692e-01 2.777888797461940951e-01 0.000000000000000000e+00 -8.917330700760945916e+00 -2.777888797461940951e-01 9.606421489240176692e-01 0.000000000000000000e+00 2.340942419464092927e-01 0.000000000000000000e+00 0.000000000000000000e+00 1.000000000000000000e+00 0.000000000000000000e+00
9.558907397537493855e-01 2.937224772689857599e-01 0.000000000000000000e+00 -9.016688525183829128e+00 -2.937224772689857599e-01 9.558907397537493855e-01 0.000000000000000000e+00 -2.087307548770222787e-01 0.000000000000000000e+00 0.000000000000000000e+00 1.000000000000000000e+00 0.000000000000000000e+00
9.639328703467220372e-01 2.661454892819518081e-01 0.000000000000000000e+00 -9.376136211297016132e+00 -2.661454892819518081e-01 9.639328703467220372e-01 0.000000000000000000e+00 -7.290123949912273860e-01 0.000000000000000000e+00 0.000000000000000000e+00 1.000000000000000000e+00 0.000000000000000000e+00
9.958555122822380090e-01 9.094942911905122551e-02 0.000000000000000000e+00 -9.364748329655725456e+00 -9.094942911905122551e-02 9.958555122822380090e-01 0.000000000000000000e+00 -1.101417519009554979e+00 0.000000000000000000e+00 0.000000000000000000e+00 1.000000000000000000e+00 0.000000000000000000e+00
9.914132313114134565e-01 1.307662218642938190e-01 0.000000000000000000e+00 -9.444871575076904335e+00 -1.307662218642938190e-01 9.914132313114134565e-01 0.000000000000000000e+00 -1.579513083417186436e+00 0.000000000000000000e+00 0.000000000000000000e+00 1.000000000000000000e+00 0.000000000000000000e+00
9.987960489347915694e-01 4.905560755152718611e-02 0.000000000000000000e+00 -9.587750476033722435e+00 -4.905560755152718611e-02 9.987960489347915694e-01 0.000000000000000000e+00 -1.835810024342810376e+00 0.000000000000000000e+00 0.000000000000000000e+00 1.000000000000000000e+00 0.000000000000000000e+00
9.988181839016425645e-01 4.860283435587414019e-02 0.000000000000000000e+00 -9.549499128209653520e+00 -4.860283435587414019e-02 9.988181839016425645e-01 0.000000000000000000e+00 -2.434690377270591011e+00 0.000000000000000000e+00 0.000000000000000000e+00 1.000000000000000000e+00 0.000000000000000000e+00
9.913225974390096340e-01 1.314515416675488269e-01 0.000000000000000000e+00 -9.728362488233257110e+00 -1.314515416675488269e-01 9.913225974390096340e-01 0.000000000000000000e+00 -2.869509423334057008e+00 0.000000000000000000e+00 0.000000000000000000e+00 1.000000000000000000e+00 0.000000000000000000e+00
9.939202813530447767e-01 1.101021085860041659e-01 0.000000000000000000e+00 -9.569532867659887643e+00 -1.101021085860041659e-01 9.939202813530447767e-01 0.000000000000000000e+00 -3.190107656614954657e+00 0.000000000000000000e+00 0.000000000000000000e+00 1.000000000000000000e+00 0.000000000000000000e+00
9.992829515825080167e-01 -3.786268184572989803e-02 0.000000000000000000e+00 -9.687057115063993251e+00 3.786268184572989803e-02 9.992829515825080167e-01 0.000000000000000000e+00 -3.150776011438862767e+00 0.000000000000000000e+00 0.000000000000000000e+00 1.000000000000000000e+00 0.000000000000000000e+00
9.821336667433299139e-01 -1.881846450943903959e-01 0.000000000000000000e+00 -9.533212870533217753e+00 1.881846450943903959e-01 9.821336667433299139e-01 0.000000000000000000e+00 -3.407845388180763990e+00 0.000000000000000000e+00 0.000000000000000000e+00 1.000000000000000000e+00 0.000000000000000000e+00
9.432876269296632810e-01 -3.319765848390582863e-01 0.000000000000000000e+00 -9.301145849360104023e+00 3.319765848390582863e-01 9.432876269296632810e-01 0.000000000000000000e+00 -3.850296675697461257e+00 0.000000000000000000e+00 0.000000000000000000e+00 1.000000000000000000e+00 0.000000000000000000e+00
7.800440699007367140e-01 -6.257245791981441707e-01 0.000000000000000000e+00 -8.868622062535298056e+00 6.257245791981441707e-01 7.800440699007367140e-01 0.000000000000000000e+00 -4.191551105630433760e+00 0.000000000000000000e+00 0.000000000000000000e+00 1.000000000000000000e+00 0.000000000000000000e+00
6.184572846981117866e-01 -7.858184185954403267e-01 0.000000000000000000e+00 -8.397575660711462220e+00 7.858184185954403267e-01 6.184572846981117866e-01 0.000000000000000000e+00 -4.526521987587814877e+00 0.000000000000000000e+00 0.000000000000000000e+00 1.000000000000000000e+00 0.000000000000000000e+00
4.380685905937250491e-01 -8.989415497879866823e-01 0.000000000000000000e+00 -7.904056983783993573e+00 8.989415497879866823e-01 4.380685905937250491e-01 0.000000000000000000e+00 -4.690320132185126667e+00 0.000000000000000000e+00 0.000000000000000000e+00 1.000000000000000000e+00 0.000000000000000000e+00
2.082923229635650908e-01 -9.780666174624517151e-01 0.000000000000000000e+00 -7.449052019812387293e+00 9.780666174624517151e-01 2.082923229635650908e-01 0.000000000000000000e+00 -4.694724110788063065e+00 0.000000000000000000e+00 0.000000000000000000e+00 1.000000000000000000e+00 0.000000000000000000e+00
7.060163279475605014e-02 -9.975045911907947094e-01 0.000000000000000000e+00 -7.092999698286243770e+00 9.975045911907947094e-01 7.060163279475605014e-02 0.000000000000000000e+00 -4.660566824587216495e+00 0.000000000000000000e+00 0.000000000000000000e+00 1.000000000000000000e+00 0.000000000000000000e+00
-1.924258730769556058e-01 -9.813115118913928736e-01 0.000000000000000000e+00 -6.578247934391026952e+00 9.813115118913928736e-01 -1.924258730769556058e-01 0.000000000000000000e+00 -4.575869360879991632e+00 0.000000000000000000e+00 0.000000000000000000e+00 1.000000000000000000e+00 0.000000000000000000e+00
-3.809939926346537220e-01 -9.245775130167861455e-01 0.000000000000000000e+00 -6.073114019768934391e+00 9.245775130167861455e-01 -3.809939926346537220e-01 0.000000000000000000e+00 -4.500099417114174827e+00 0.000000000000000000e+00 0.000000000000000000e+00 1.000000000000000000e+00 0.000000000000000000e+00
4.604485493866859458e-01 8.876863935916200488e-01 0.000000000000000000e+00 -5.769608981349426458e+00 -8.876863935916200488e-01 4.604485493866859458e-01 0.000000000000000000e+00 -4.358739032093131627e+00 0.000000000000000000e+00 0.000000000000000000e+00 1.000000000000000000e+00 0.000000000000000000e+00
5.113995034265839124e-01 8.593430909101692494e-01 0.000000000000000000e+00 -5.438291302987423137e+00 -8.593430909101692494e-01 5.113995034265839124e-01 0.000000000000000000e+00 -4.052514084504626801e+00 0.000000000000000000e+00 0.000000000000000000e+00 1.000000000000000000e+00 0.000000000000000000e+00
5.140699795263367067e-01 8.577482475352495861e-01 0.000000000000000000e+00 -5.205815574767332699e+00 -8.577482475352495861e-01 5.140699795263367067e-01 0.000000000000000000e+00 -3.822908029764569449e+00 0.000000000000000000e+00 0.000000000000000000e+00 1.000000000000000000e+00 0.000000000000000000e+00
6.944053526985503044e-01 7.195840507846196221e-01 0.000000000000000000e+00 -5.039570684834567160e+00 -7.195840507846196221e-01 6.944053526985503044e-01 0.000000000000000000e+00 -3.747193718424719489e+00 0.000000000000000000e+00 0.000000000000000000e+00 1.000000000000000000e+00 0.000000000000000000e+00
7.982873190707850952e-01 6.022768102880755592e-01 0.000000000000000000e+00 -4.973060936470230509e+00 -6.022768102880755592e-01 7.982873190707850952e-01 0.000000000000000000e+00 -3.278749681018492623e+00 0.000000000000000000e+00 0.000000000000000000e+00 1.000000000000000000e+00 0.000000000000000000e+00
8.654772234426340027e-01 5.009482764737583915e-01 0.000000000000000000e+00 -4.807412695676933190e+00 -5.009482764737583915e-01 8.654772234426340027e-01 0.000000000000000000e+00 -2.862823160026361169e+00 0.000000000000000000e+00 0.000000000000000000e+00 1.000000000000000000e+00 0.000000000000000000e+00
9.184369768468059192e-01 3.955673388444750360e-01 0.000000000000000000e+00 -4.827546053736508469e+00 -3.955673388444750360e-01 9.184369768468059192e-01 0.000000000000000000e+00 -2.487355010601598693e+00 0.000000000000000000e+00 0.000000000000000000e+00 1.000000000000000000e+00 0.000000000000000000e+00
9.647809699711727971e-01 2.630545190288183233e-01 0.000000000000000000e+00 -4.645037323007206176e+00 -2.630545190288183233e-01 9.647809699711727971e-01 0.000000000000000000e+00 -2.100728079371718682e+00 0.000000000000000000e+00 0.000000000000000000e+00 1.000000000000000000e+00 0.000000000000000000e+00
9.520053068882492475e-01 3.060815179925281959e-01 0.000000000000000000e+00 -4.512139773614390670e+00 -3.060815179925281959e-01 9.520053068882492475e-01 0.000000000000000000e+00 -1.720942698963958239e+00 0.000000000000000000e+00 0.000000000000000000e+00 1.000000000000000000e+00 0.000000000000000000e+00
9.662997229658853993e-01 2.574195901559419020e-01 0.000000000000000000e+00 -4.314016532642523494e+00 -2.574195901559419020e-01 9.662997229658853993e-01 0.000000000000000000e+00 -1.182737963280573457e+00 0.000000000000000000e+00 0.000000000000000000e+00 1.000000000000000000e+00 0.000000000000000000e+00
-9.695311065757531432e-01 -2.449682293318778958e-01 0.000000000000000000e+00 -4.397024431998917571e+00 2.449682293318778958e-01 -9.695311065757531432e-01 0.000000000000000000e+00 -1.321499878751641210e+00 0.000000000000000000e+00 0.000000000000000000e+00 1.000000000000000000e+00 0.000000000000000000e+00
9.986506708770143126e-01 5.193108468816302892e-02 0.000000000000000000e+00 -4.363977692701442201e+00 -5.193108468816302892e-02 9.986506708770143126e-01 0.000000000000000000e+00 -5.756186745788931525e-01 0.000000000000000000e+00 0.000000000000000000e+00 1.000000000000000000e+00 0.000000000000000000e+00
9.882959848607643094e-01 -1.525485047717342335e-01 0.000000000000000000e+00 -4.421724152307873190e+00 1.525485047717342335e-01 9.882959848607643094e-01 0.000000000000000000e+00 -1.238900892059552894e-01 0.000000000000000000e+00 0.000000000000000000e+00 1.000000000000000000e+00 0.000000000000000000e+00
9.649209320316981531e-01 -2.625406538558913705e-01 0.000000000000000000e+00 -4.415777350395960532e+00 2.625406538558913705e-01 9.649209320316981531e-01 0.000000000000000000e+00 4.474027640650640181e-01 0.000000000000000000e+00 0.000000000000000000e+00 1.000000000000000000e+00 0.000000000000000000e+00
9.278843275330671547e-01 -3.728681733783507091e-01 0.000000000000000000e+00 -4.484858651003846397e+00 3.728681733783507091e-01 9.278843275330671547e-01 0.000000000000000000e+00 9.993620463005111754e-01 0.000000000000000000e+00 0.000000000000000000e+00 1.000000000000000000e+00 0.000000000000000000e+00
9.007287010272208017e-01 -4.343820980954617994e-01 0.000000000000000000e+00 -4.752263377901117636e+00 4.343820980954617994e-01 9.007287010272208017e-01 0.000000000000000000e+00 1.425804230532410788e+00 0.000000000000000000e+00 0.000000000000000000e+00 1.000000000000000000e+00 0.000000000000000000e+00
8.858751594932799955e-01 -4.639237025554478477e-01 0.000000000000000000e+00 -4.967392548059698321e+00 4.639237025554478477e-01 8.858751594932799955e-01 0.000000000000000000e+00 1.764949266375080761e+00 0.000000000000000000e+00 0.000000000000000000e+00 1.000000000000000000e+00 0.000000000000000000e+00
8.225246226701530272e-01 -5.687295008185546674e-01 0.000000000000000000e+00 -5.048709719931615325e+00 5.687295008185546674e-01 8.225246226701530272e-01 0.000000000000000000e+00 2.370655422911343013e+00 0.000000000000000000e+00 0.000000000000000000e+00 1.000000000000000000e+00 0.000000000000000000e+00
7.458650536122877206e-01 -6.660970813627238307e-01 0.000000000000000000e+00 -5.366218325511309395e+00 6.660970813627238307e-01 7.458650536122877206e-01 0.000000000000000000e+00 2.743043443432450879e+00 0.000000000000000000e+00 0.000000000000000000e+00 1.000000000000000000e+00 0.000000000000000000e+00
7.297668090712454703e-01 -6.836961345349060748e-01 0.000000000000000000e+00 -5.734798966408045651e+00 6.836961345349060748e-01 7.297668090712454703e-01 0.000000000000000000e+00 3.206823089100583779e+00 0.000000000000000000e+00 0.000000000000000000e+00 1.000000000000000000e+00 0.000000000000000000e+00
6.736909185777683051e-01 -7.390132246623485335e-01 0.000000000000000000e+00 -5.981308867277236985e+00 7.390132246623485335e-01 6.736909185777683051e-01 0.000000000000000000e+00 3.600195886674476320e+00 0.000000000000000000e+00 0.000000000000000000e+00 1.000000000000000000e+00 0.000000000000000000e+00
6.970022795019567008e-01 -7.170689104744928377e-01 0.000000000000000000e+00 -6.388176266152319371e+00 7.170689104744928377e-01 6.970022795019567008e-01 0.000000000000000000e+00 3.868016534639453496e+00 0.000000000000000000e+00 0.000000000000000000e+00 1.000000000000000000e+00 0.000000000000000000e+00
5.448442281205523319e-01 -8.385372782910247569e-01 0.000000000000000000e+00 -6.696572210696828620e+00 8.385372782910247569e-01 5.448442281205523319e-01 0.000000000000000000e+00 4.236278389758716401e+00 0.000000000000000000e+00 0.000000000000000000e+00 1.000000000000000000e+00 0.000000000000000000e+00
5.038079133351595074e-01 -8.638157132518905490e-01 0.000000000000000000e+00 -6.857530198856808923e+00 8.638157132518905490e-01 5.038079133351595074e-01 0.000000000000000000e+00 4.496489397831933132e+00 0.000000000000000000e+00 0.000000000000000000e+00 1.000000000000000000e+00 0.000000000000000000e+00
4.065382013178513443e-01 -9.136337837827835928e-01 0.000000000000000000e+00 -7.252230831312113324e+00 9.136337837827835928e-01 4.065382013178513443e-01 0.000000000000000000e+00 4.616882033865911339e+00 0.000000000000000000e+00 0.000000000000000000e+00 1.000000000000000000e+00 0.000000000000000000e+00
3.145839776377585828e-01 -9.492296460886617826e-01 0.000000000000000000e+00 -7.638614100552370445e+00 9.492296460886617826e-01 3.145839776377585828e-01 0.000000000000000000e+00 5.017900295792864007e+00 0.000000000000000000e+00 0.000000000000000000e+00 1.000000000000000000e+00 0.000000000000000000e+00
1.895073504540473741e-01 -9.818793022178881058e-01 0.000000000000000000e+00 -8.187760654702426422e+00 9.818793022178881058e-01 1.895073504540473741e-01 0.000000000000000000e+00 5.230282568182033742e+00 0.000000000000000000e+00 0.000000000000000000e+00 1.000000000000000000e+00 0.000000000000000000e+00
9.436955777394784306e-02 -9.955372351477113080e-01 0.000000000000000000e+00 -8.581529095206983371e+00 9.955372351477113080e-01 9.436955777394784306e-02 0.000000000000000000e+00 5.236085553754952215e+00 0.000000000000000000e+00 0.000000000000000000e+00 1.000000000000000000e+00 0.000000000000000000e+00
-3.243785337253242140e-01 -9.459273581296867572e-01 0.000000000000000000e+00 -9.120570428952332165e+00 9.459273581296867572e-01 -3.243785337253242140e-01 0.000000000000000000e+00 5.276257587053533982e+00 0.000000000000000000e+00 0.000000000000000000e+00 1.000000000000000000e+00 0.000000000000000000e+00
-4.383133558068805780e-01 -8.988222305446783578e-01 0.000000000000000000e+00 -9.499550833440091324e+00 8.988222305446783578e-01 -4.383133558068805780e-01 0.000000000000000000e+00 5.191582901422067131e+00 0.000000000000000000e+00 0.000000000000000000e+00 1.000000000000000000e+00 0.000000000000000000e+00
8.576132522749049247e-01 -5.142951579807651941e-01 0.000000000000000000e+00 -9.372798984604157724e+00 5.142951579807651941e-01 8.576132522749049247e-01 0.000000000000000000e+00 5.177126720781699554e+00 0.000000000000000000e+00 0.000000000000000000e+00 1.000000000000000000e+00 0.000000000000000000e+00
-8.212437279635546039e-01 -5.705775488752805602e-01 0.000000000000000000e+00 -9.626276804189378922e+00 5.705775488752805602e-01 -8.212437279635546039e-01 0.000000000000000000e+00 4.879472111687634062e+00 0.000000000000000000e+00 0.000000000000000000e+00 1.000000000000000000e+00 0.000000000000000000e+00
-9.685616271971421165e-01 -2.487737412212635835e-01 0.000000000000000000e+00 -9.855068263084673319e+00 2.487737412212635835e-01 -9.685616271971421165e-01 0.000000000000000000e+00 4.604799817515803362e+00 0.000000000000000000e+00 0.000000000000000000e+00 1.000000000000000000e+00 0.000000000000000000e+00
-9.959021309752525974e-01 9.043752273780386597e-02 0.000000000000000000e+00 -9.976709826555076432e+00 -9.043752273780386597e-02 -9.959021309752525974e-01 0.000000000000000000e+00 4.132193088781725976e+00 0.000000000000000000e+00 0.000000000000000000e+00 1.000000000000000000e+00 0.000000000000000000e+00
-8.751045267358172897e-01 4.839339493014323534e-01 0.000000000000000000e+00 -9.809393865645580135e+00 -4.839339493014323534e-01 -8.751045267358172897e-01 0.000000000000000000e+00 3.690644822887966470e+00 0.000000000000000000e+00 0.000000000000000000e+00 1.000000000000000000e+00 0.000000000000000000e+00
-6.704418994925678277e-01 7.419620336680291528e-01 0.000000000000000000e+00 -9.398095655393428061e+00 -7.419620336680291528e-01 -6.704418994925678277e-01 0.000000000000000000e+00 3.428186417445140410e+00 0.000000000000000000e+00 0.000000000000000000e+00 1.000000000000000000e+00 0.000000000000000000e+00
-4.980876992117237445e-01 8.671266596604969568e-01 0.000000000000000000e+00 -8.906376175404657758e+00 -8.671266596604969568e-01 -4.980876992117237445e-01 0.000000000000000000e+00 3.039634113222726253e+00 0.000000000000000000e+00 0.000000000000000000e+00 1.000000000000000000e+00 0.000000000000000000e+00
-2.398743973352278347e-01 9.708039315449136231e-01 0.000000000000000000e+00 -8.403707623196869037e+00 -9.708039315449136231e-01 -2.398743973352278347e-01 0.000000000000000000e+00 2.868855318325579606e+00 0.000000000000000000e+00 0.000000000000000000e+00 1.000000000000000000e+00 0.000000000000000000e+00
1.262446253563579146e-01 9.919991404072046048e-01 0.000000000000000000e+00 -8.087325765917265485e+00 -9.919991404072046048e-01 1.262446253563579146e-01 0.000000000000000000e+00 3.036828644392579157e+00 0.000000000000000000e+00 0.000000000000000000e+00 1.000000000000000000e+00 0.000000000000000000e+00
4.858105320160361340e-01 8.740641435171082607e-01 0.000000000000000000e+00 -7.679907877460577126e+00 -8.740641435171082607e-01 4.858105320160361340e-01 0.000000000000000000e+00 3.315219092204225504e+00 0.000000000000000000e+00 0.000000000000000000e+00 1.000000000000000000e+00 0.000000000000000000e+00
-7.861357982317306314e-01 -6.180538056986298878e-01 0.000000000000000000e+00 -7.284516736658999569e+00 6.180538056986298878e-01 -7.861357982317306314e-01 0.000000000000000000e+00 3.562074239576006107e+00 0.000000000000000000e+00 0.000000000000000000e+00 1.000000000000000000e+00 0.000000000000000000e+00
-9.237792450023264434e-01 -3.829254581546280289e-01 0.000000000000000000e+00 -7.042645036843505402e+00 3.829254581546280289e-01 -9.237792450023264434e-01 0.000000000000000000e+00 4.229830963110392972e+00 0.000000000000000000e+00 0.000000000000000000e+00 1.000000000000000000e+00 0.000000000000000000e+00
-9.999069562300134661e-01 -1.364107337528551456e-02 0.000000000000000000e+00 -7.049473197255462509e+00 1.364107337528551456e-02 -9.999069562300134661e-01 0.000000000000000000e+00 4.706599708033876617e+00 0.000000000000000000e+00 0.000000000000000000e+00 1.000000000000000000e+00 0.000000000000000000e+00
-9.561201558915484178e-01 2.929748240001537885e-01 0.000000000000000000e+00 -6.944789485719494948e+00 -2.929748240001537885e-01 -9.561201558915484178e-01 0.000000000000000000e+00 5.231318786722149561e+00 0.000000000000000000e+00 0.000000000000000000e+00 1.000000000000000000e+00 0.000000000000000000e+00
-8.192924504929024465e-01 5.733758632566730018e-01 0.000000000000000000e+00 -7.134576026047006359e+00 -5.733758632566730018e-01 -8.192924504929024465e-01 0.000000000000000000e+00 5.575253180873858128e+00 0.000000000000000000e+00 0.000000000000000000e+00 1.000000000000000000e+00 0.000000000000000000e+00
-5.152965259547894750e-01 8.570119546067750393e-01 0.000000000000000000e+00 -7.506492757032226848e+00 -8.570119546067750393e-01 -5.152965259547894750e-01 0.000000000000000000e+00 5.976562893406391019e+00 0.000000000000000000e+00 0.000000000000000000e+00 1.000000000000000000e+00 0.000000000000000000e+00
-2.267389139297559253e-01 9.739555764561106388e-01 0.000000000000000000e+00 -7.810242374631370943e+00 -9.739555764561106388e-01 -2.267389139297559253e-01 0.000000000000000000e+00 6.229590185694312332e+00 0.000000000000000000e+00 0.000000000000000000e+00 1.000000000000000000e+00 0.000000000000000000e+00
3.592906263862751803e-01 9.332257207079956984e-01 0.000000000000000000e+00 -8.238708233807354731e+00 -9.332257207079956984e-01 3.592906263862751803e-01 0.000000000000000000e+00 6.257912191585211836e+00 0.000000000000000000e+00 0.000000000000000000e+00 1.000000000000000000e+00 0.000000000000000000e+00
6.576671613632478763e-01 7.533086385170474353e-01 0.000000000000000000e+00 -8.631966240456867112e+00 -7.533086385170474353e-01 6.576671613632478763e-01 0.000000000000000000e+00 6.168939756150400910e+00 0.000000000000000000e+00 0.000000000000000000e+00 1.000000000000000000e+00 0.000000000000000000e+00
8.157438463363152481e-01 5.784133272707623341e-01 0.000000000000000000e+00 -8.830938953378058898e+00 -5.784133272707623341e-01 8.157438463363152481e-01 0.000000000000000000e+00 5.869793654514506187e+00 0.000000000000000000e+00 0.000000000000000000e+00 1.000000000000000000e+00 0.000000000000000000e+00
9.592922844203971566e-01 2.824151430987649758e-01 0.000000000000000000e+00 -8.814807163403918011e+00 -2.824151430987649758e-01 9.592922844203971566e-01 0.000000000000000000e+00 5.894017972981482778e+00 0.000000000000000000e+00 0.000000000000000000e+00 1.000000000000000000e+00 0.000000000000000000e+00
9.448805528276661425e-01 3.274152422965126430e-01 0.000000000000000000e+00 -8.902574815238118333e+00 -3.274152422965126430e-01 9.448805528276661425e-01 0.000000000000000000e+00 5.414950367280146004e+00 0.000000000000000000e+00 0.000000000000000000e+00 1.000000000000000000e+00 0.000000000000000000e+00
9.728389839657642923e-01 2.314828530938293494e-01 0.000000000000000000e+00 -9.044279963965747626e+00 -2.314828530938293494e-01 9.728389839657642923e-01 0.000000000000000000e+00 4.944176695482015660e+00 0.000000000000000000e+00 0.000000000000000000e+00 1.000000000000000000e+00 0.000000000000000000e+00
9.974675367688894401e-01 7.112322470335750990e-02 0.000000000000000000e+00 -9.035510552219673031e+00 -7.112322470335750990e-02 9.974675367688894401e-01 0.000000000000000000e+00 4.451212855632076248e+00 0.000000000000000000e+00 0.000000000000000000e+00 1.000000000000000000e+00 0.000000000000000000e+00
9.999993806427172061e-01 1.112975373534962932e-03 0.000000000000000000e+00 -8.984064415804782655e+00 -1.112975373534962932e-03 9.999993806427172061e-01 0.000000000000000000e+00 4.053751229320928573e+00 0.000000000000000000e+00 0.000000000000000000e+00 1.000000000000000000e+00 0.000000000000000000e+00
9.984238319066126577e-01 -5.612354123641975778e-02 0.000000000000000000e+00 -8.962068378865977181e+00 5.612354123641975778e-02 9.984238319066126577e-01 0.000000000000000000e+00 3.488670122682901109e+00 0.000000000000000000e+00 0.000000000000000000e+00 1.000000000000000000e+00 0.000000000000000000e+00
9.972943111142422712e-01 7.351229161962587189e-02 0.000000000000000000e+00 -8.901459387012954139e+00 -7.351229161962587189e-02 9.972943111142422712e-01 0.000000000000000000e+00 2.888664960954838712e+00 0.000000000000000000e+00 0.000000000000000000e+00 1.000000000000000000e+00 0.000000000000000000e+00
9.973123045437317646e-01 7.326777740364971703e-02 0.000000000000000000e+00 -8.824790320280497369e+00 -7.326777740364971703e-02 9.973123045437317646e-01 0.000000000000000000e+00 2.188419542893224712e+00 0.000000000000000000e+00 0.000000000000000000e+00 1.000000000000000000e+00 0.000000000000000000e+00
9.984329109817327019e-01 5.596179293538929705e-02 0.000000000000000000e+00 -8.784474018429259345e+00 -5.596179293538929705e-02 9.984329109817327019e-01 0.000000000000000000e+00 1.753453417300475214e+00 0.000000000000000000e+00 0.000000000000000000e+00 1.000000000000000000e+00 0.000000000000000000e+00
9.973669182592740379e-01 -7.252055130787846138e-02 0.000000000000000000e+00 -8.778039530614320185e+00 7.252055130787846138e-02 9.973669182592740379e-01 0.000000000000000000e+00 1.184048952322761972e+00 0.000000000000000000e+00 0.000000000000000000e+00 1.000000000000000000e+00 0.000000000000000000e+00
9.987449023881794785e-01 5.008612536048031444e-02 0.000000000000000000e+00 -8.735591256147680284e+00 -5.008612536048031444e-02 9.987449023881794785e-01 0.000000000000000000e+00 5.530618829356306332e-01 0.000000000000000000e+00 0.000000000000000000e+00 1.000000000000000000e+00 0.000000000000000000e+00
9.866084552968654720e-01 1.631065784594015466e-01 0.000000000000000000e+00 -8.648269250423817667e+00 -1.631065784594015466e-01 9.866084552968654720e-01 0.000000000000000000e+00 1.208736195397729224e-01 0.000000000000000000e+00 0.000000000000000000e+00 1.000000000000000000e+00 0.000000000000000000e+00
9.817180953970084945e-01 1.903406976189542243e-01 0.000000000000000000e+00 -8.742563813485082491e+00 -1.903406976189542243e-01 9.817180953970084945e-01 0.000000000000000000e+00 -3.999494265278285554e-01 0.000000000000000000e+00 0.000000000000000000e+00 1.000000000000000000e+00 0.000000000000000000e+00
9.952300583886257712e-01 9.755578342554882543e-02 0.000000000000000000e+00 -8.763533689337947408e+00 -9.755578342554882543e-02 9.952300583886257712e-01 0.000000000000000000e+00 -7.991658459732461361e-01 0.000000000000000000e+00 0.000000000000000000e+00 1.000000000000000000e+00 0.000000000000000000e+00
9.978071311824037171e-01 6.618858633889443399e-02 0.000000000000000000e+00 -8.820660594182424319e+00 -6.618858633889443399e-02 9.978071311824037171e-01 0.000000000000000000e+00 -1.398077871924129356e+00 0.000000000000000000e+00 0.000000000000000000e+00 1.000000000000000000e+00 0.000000000000000000e+00
9.905235381006983753e-01 -1.373430757937011693e-01 0.000000000000000000e+00 -9.054153386714673957e+00 1.373430757937011693e-01 9.905235381006983753e-01 0.000000000000000000e+00 -1.918900390909073606e+00 0.000000000000000000e+00 0.000000000000000000e+00 1.000000000000000000e+00 0.000000000000000000e+00
9.983347701003090213e-01 -5.768610585542363611e-02 0.000000000000000000e+00 -8.955670289872911027e+00 5.768610585542363611e-02 9.983347701003090213e-01 0.000000000000000000e+00 -2.461852003334492611e+00 0.000000000000000000e+00 0.000000000000000000e+00 1.000000000000000000e+00 0.000000000000000000e+00
9.891425215462669174e-01 1.469594232061795513e-01 0.000000000000000000e+00 -8.872180338709195979e+00 -1.469594232061795513e-01 9.891425215462669174e-01 0.000000000000000000e+00 -3.001912020368040057e+00 0.000000000000000000e+00 0.000000000000000000e+00 1.000000000000000000e+00 0.000000000000000000e+00
9.963575770705479506e-01 8.527355166818732790e-02 0.000000000000000000e+00 -8.933773673628190082e+00 -8.527355166818732790e-02 9.963575770705479506e-01 0.000000000000000000e+00 -3.689539627977698633e+00 0.000000000000000000e+00 0.000000000000000000e+00 1.000000000000000000e+00 0.000000000000000000e+00
9.974138174090779740e-01 7.187264320623271141e-02 0.000000000000000000e+00 -8.817072448322463174e+00 -7.187264320623271141e-02 9.974138174090779740e-01 0.000000000000000000e+00 -4.125333658960268046e+00 0.000000000000000000e+00 0.000000000000000000e+00 1.000000000000000000e+00 0.000000000000000000e+00
9.992049172981263272e-01 -3.986895091728009932e-02 0.000000000000000000e+00 -8.921078581433537380e+00 3.986895091728009932e-02 9.992049172981263272e-01 0.000000000000000000e+00 -4.122193507483594033e+00 0.000000000000000000e+00 0.000000000000000000e+00 1.000000000000000000e+00 0.000000000000000000e+00
9.943199533368249909e-01 -1.064322807998309556e-01 0.000000000000000000e+00 -8.858487357594764688e+00 1.064322807998309556e-01 9.943199533368249909e-01 0.000000000000000000e+00 -4.582533203268392974e+00 0.000000000000000000e+00 0.000000000000000000e+00 1.000000000000000000e+00 0.000000000000000000e+00
9.708880025646466905e-01 -2.395338942113007241e-01 0.000000000000000000e+00 -8.639476402124882881e+00 2.395338942113007241e-01 9.708880025646466905e-01 0.000000000000000000e+00 -4.893737143944349555e+00 0.000000000000000000e+00 0.000000000000000000e+00 1.000000000000000000e+00 0.000000000000000000e+00
8.854383350856653845e-01 -4.647568770451114828e-01 0.000000000000000000e+00 -8.542650491215219688e+00 4.647568770451114828e-01 8.854383350856653845e-01 0.000000000000000000e+00 -5.227898415561103462e+00 0.000000000000000000e+00 0.000000000000000000e+00 1.000000000000000000e+00 0.000000000000000000e+00
6.801763367586900477e-01 -7.330485324407443048e-01 0.000000000000000000e+00 -8.468426178159431217e+00 7.330485324407443048e-01 6.801763367586900477e-01 0.000000000000000000e+00 -5.618558024326912204e+00 0.000000000000000000e+00 0.000000000000000000e+00 1.000000000000000000e+00 0.000000000000000000e+00
4.922637760021523201e-01 -8.704460780749734283e-01 0.000000000000000000e+00 -8.278744809873446187e+00 8.704460780749734283e-01 4.922637760021523201e-01 0.000000000000000000e+00 -5.636502488581541570e+00 0.000000000000000000e+00 0.000000000000000000e+00 1.000000000000000000e+00 0.000000000000000000e+00
3.048037604055476857e-01 -9.524151760879482342e-01 0.000000000000000000e+00 -8.085825890363949497e+00 9.524151760879482342e-01 3.048037604055476857e-01 0.000000000000000000e+00 -5.680637521413267166e+00 0.000000000000000000e+00 0.000000000000000000e+00 1.000000000000000000e+00 0.000000000000000000e+00
6.513382028228478782e-02 -9.978765381826727454e-01 0.000000000000000000e+00 -7.899158510275812617e+00 9.978765381826727454e-01 6.513382028228478782e-02 0.000000000000000000e+00 -5.767341423009217927e+00 0.000000000000000000e+00 0.000000000000000000e+00 1.000000000000000000e+00 0.000000000000000000e+00
-1.862642248657363775e-01 -9.824996888219184044e-01 0.000000000000000000e+00 -7.558748134378107331e+00 9.824996888219184044e-01 -1.862642248657363775e-01 0.000000000000000000e+00 -5.669995481696156858e+00 0.000000000000000000e+00 0.000000000000000000e+00 1.000000000000000000e+00 0.000000000000000000e+00
-2.839245185213029599e-01 -9.588466341300084794e-01 0.000000000000000000e+00 -7.213458580981877866e+00 9.588466341300084794e-01 -2.839245185213029599e-01 0.000000000000000000e+00 -5.600336417219163643e+00 0.000000000000000000e+00 0.000000000000000000e+00 1.000000000000000000e+00 0.000000000000000000e+00
3.888179979891470128e-01 9.213145849489802197e-01 0.000000000000000000e+00 -6.778389569004811044e+00 -9.213145849489802197e-01 3.888179979891470128e-01 0.000000000000000000e+00 -5.398042301565773471e+00 0.000000000000000000e+00 0.000000000000000000e+00 1.000000000000000000e+00 0.000000000000000000e+00
4.114447992115947139e-01 9.114346807104338755e-01 0.000000000000000000e+00 -6.364111612127112849e+00 -9.114346807104338755e-01 4.114447992115947139e-01 0.000000000000000000e+00 -5.157764394602920355e+00 0.000000000000000000e+00 0.000000000000000000e+00 1.000000000000000000e+00 0.000000000000000000e+00
4.310429036753052334e-01 9.023314331171010672e-01 0.000000000000000000e+00 -5.871945811111041635e+00 -9.023314331171010672e-01 4.310429036753052334e-01 0.000000000000000000e+00 -4.912110080100226206e+00 0.000000000000000000e+00 0.000000000000000000e+00 1.000000000000000000e+00 0.000000000000000000e+00
4.958013778546033756e-01 8.684359468132792914e-01 0.000000000000000000e+00 -5.290830136603876355e+00 -8.684359468132792914e-01 4.958013778546033756e-01 0.000000000000000000e+00 -4.587034813837207459e+00 0.000000000000000000e+00 0.000000000000000000e+00 1.000000000000000000e+00 0.000000000000000000e+00
6.682028264690234032e-01 7.439791547475024247e-01 0.000000000000000000e+00 -5.051265473835238495e+00 -7.439791547475024247e-01 6.682028264690234032e-01 0.000000000000000000e+00 -4.364718102160673574e+00 0.000000000000000000e+00 0.000000000000000000e+00 1.000000000000000000e+00 0.000000000000000000e+00
7.561892943270245304e-01 6.543529255265820854e-01 0.000000000000000000e+00 -4.753897836276552269e+00 -6.543529255265820854e-01 7.561892943270245304e-01 0.000000000000000000e+00 -4.030614450803054361e+00 0.000000000000000000e+00 0.000000000000000000e+00 1.000000000000000000e+00 0.000000000000000000e+00
8.779735889997675180e-01 4.787090734661997304e-01 0.000000000000000000e+00 -4.490986596684237497e+00 -4.787090734661997304e-01 8.779735889997675180e-01 0.000000000000000000e+00 -3.439384671598759713e+00 0.000000000000000000e+00 0.000000000000000000e+00 1.000000000000000000e+00 0.000000000000000000e+00
9.101960134392977908e-01 4.141777602904452849e-01 0.000000000000000000e+00 -4.134468255325926656e+00 -4.141777602904452849e-01 9.101960134392977908e-01 0.000000000000000000e+00 -2.904408754534597570e+00 0.000000000000000000e+00 0.000000000000000000e+00 1.000000000000000000e+00 0.000000000000000000e+00
9.527248017727668605e-01 3.038345801370247456e-01 0.000000000000000000e+00 -3.903821889934772749e+00 -3.038345801370247456e-01 9.527248017727668605e-01 0.000000000000000000e+00 -2.687878704702380439e+00 0.000000000000000000e+00 0.000000000000000000e+00 1.000000000000000000e+00 0.000000000000000000e+00
-9.806186790343685011e-01 -1.959260225924318866e-01 0.000000000000000000e+00 -4.693426468586872957e+00 1.959260225924318866e-01 -9.806186790343685011e-01 0.000000000000000000e+00 7.810971525538915605e-01 0.000000000000000000e+00 0.000000000000000000e+00 1.000000000000000000e+00 0.000000000000000000e+00
