1.937922e-01 -2.364575e-01 9.521200e-01 6.106383e-01 -2.359839e-01 -9.532579e-01 -1.887086e-01 1.731699e-01 9.522375e-01 -1.881147e-01 -2.405341e-01 -7.227997e-01
1.172001e-01 1.547856e-01 9.809717e-01 6.115172e-01 1.552651e-01 -9.784882e-01 1.358437e-01 1.734084e-01 9.808960e-01 1.363898e-01 -1.387117e-01 -7.238548e-01
9.991278e-01 -4.037252e-02 -1.066706e-02 -1.081184e-04 4.072610e-02 9.985459e-01 3.531991e-02 -6.406201e-04 9.225594e-03 -3.572353e-02 9.993191e-01 3.252030e-04
1.077661e-01 1.763542e-01 9.784098e-01 -6.102968e-01 1.769078e-01 -9.718365e-01 1.556840e-01 -1.731256e-01 9.783098e-01 1.563109e-01 -1.359295e-01 7.222654e-01
9.518824e-01 3.047016e-01 3.281589e-02 -1.218749e+00 -2.861763e-01 9.220709e-01 -2.605538e-01 -3.453070e-01 -1.096497e-01 2.386255e-01 9.649015e-01 1.442805e+00
-7.924458e-02 4.547157e-01 8.871042e-01 -1.810956e+00 4.541978e-01 -7.756939e-01 4.381818e-01 -5.129101e-01 8.873695e-01 4.376443e-01 -1.450613e-01 2.143677e+00
8.192765e-01 5.732092e-01 -1.473802e-02 -2.406040e+00 -5.034535e-01 7.067985e-01 -4.969613e-01 -6.812579e-01 -2.744460e-01 4.145686e-01 8.676476e-01 2.848316e+00
-6.303687e-02 4.374881e-01 8.970120e-01 -2.996473e+00 4.372082e-01 -7.958581e-01 4.188781e-01 -8.491334e-01 8.971485e-01 4.185857e-01 -1.411050e-01 3.546931e+00
9.885877e-01 1.482588e-01 2.671308e-02 -3.586775e+00 -1.437689e-01 9.814714e-01 -1.266663e-01 -1.016100e+00 -4.499752e-02 1.213802e-01 9.915856e-01 4.245205e+00
1.595651e-01 2.837080e-02 9.867797e-01 -4.177242e+00 2.686421e-02 -9.993416e-01 2.438795e-02 -1.183038e+00 9.868218e-01 2.261759e-02 -1.602222e-01 4.944713e+00
9.019819e-01 4.313641e-01 1.880441e-02 -4.764672e+00 -3.943357e-01 8.407304e-01 -3.710413e-01 -1.349681e+00 -1.758634e-01 3.272573e-01 9.284259e-01 5.637091e+00
3.335577e-02 3.188899e-01 9.472047e-01 -5.367961e+00 3.173928e-01 -9.020525e-01 2.925118e-01 -1.520242e+00 9.477073e-01 2.908790e-01 -1.313020e-01 6.351843e+00
8.842419e-01 4.668723e-01 1.210430e-02 -5.929153e+00 -4.229134e-01 8.114428e-01 -4.033668e-01 -1.679094e+00 -1.981428e-01 3.515548e-01 9.149583e-01 7.016354e+00
-2.543843e-02 3.997851e-01 9.162558e-01 -6.506560e+00 3.968910e-01 -8.371822e-01 3.763024e-01 -1.842313e+00 9.175132e-01 3.732263e-01 -1.373745e-01 7.700679e+00
8.648810e-01 5.019659e-01 3.335026e-03 -7.083417e+00 -4.508143e-01 7.796353e-01 -4.346668e-01 -2.006293e+00 -2.207880e-01 3.744316e-01 9.005851e-01 8.383224e+00
-5.719781e-02 4.359777e-01 8.981380e-01 -7.657589e+00 4.343610e-01 -7.991379e-01 4.155829e-01 -2.169530e+00 8.989210e-01 4.138865e-01 -1.436628e-01 9.062666e+00
9.987139e-01 4.985251e-02 9.231347e-03 -8.229174e+00 -4.940107e-02 9.978110e-01 -4.396396e-02 -2.331987e+00 -1.140285e-02 4.345138e-02 9.989905e-01 9.739898e+00
1.883640e-01 -1.110275e-01 9.758032e-01 -8.798765e+00 -1.124299e-01 -9.894948e-01 -9.088243e-02 -2.493827e+00 9.756426e-01 -9.259049e-02 -1.988680e-01 1.041378e+01
9.986180e-01 5.172884e-02 9.282906e-03 -9.365268e+00 -5.127193e-02 9.977107e-01 -4.409706e-02 -2.654937e+00 -1.154274e-02 4.356016e-02 9.989841e-01 1.108362e+01
1.717888e-01 -1.266030e-02 9.850525e-01 -9.931688e+00 -1.253534e-02 -9.998646e-01 -1.066456e-02 -2.815894e+00 9.850541e-01 -1.051592e-02 -1.719242e-01 1.175392e+01
9.842298e-01 1.748175e-01 2.702994e-02 -1.049491e+01 -1.689497e-01 9.742646e-01 -1.492131e-01 -2.975200e+00 -5.241937e-02 1.422932e-01 9.884356e-01 1.242123e+01
1.435494e-01 9.012754e-02 9.855306e-01 -1.105384e+01 8.843383e-02 -9.930287e-01 7.793224e-02 -3.133148e+00 9.856840e-01 7.596712e-02 -1.505190e-01 1.308352e+01
9.935318e-01 1.118983e-01 1.931988e-02 -1.160891e+01 -1.095601e-01 9.893380e-01 -9.595225e-02 -3.290956e+00 -2.985078e-02 9.321493e-02 9.951984e-01 1.374036e+01
1.900103e-01 -1.281766e-01 9.733791e-01 -1.216121e+01 -1.285350e-01 -9.861554e-01 -1.047681e-01 -3.447969e+00 9.733318e-01 -1.052063e-01 -2.038548e-01 1.439294e+01
8.299825e-01 -4.923001e-01 -2.622397e-01 -1.270940e+01 5.577248e-01 7.252944e-01 4.035978e-01 -3.603164e+00 -8.490284e-03 -4.812367e-01 8.765496e-01 1.504143e+01
1.823772e-01 -3.821743e-01 9.059146e-01 -1.325364e+01 -3.836075e-01 -8.760071e-01 -2.923301e-01 -3.757068e+00 9.053087e-01 -2.942012e-01 -3.063687e-01 1.568543e+01
7.711379e-01 -5.476292e-01 -3.247285e-01 -1.379809e+01 6.354270e-01 6.301680e-01 4.462296e-01 -3.911775e+00 -3.973483e-02 -5.504459e-01 8.339248e-01 1.633013e+01
6.491508e-02 -6.710986e-01 7.385206e-01 -1.432310e+01 -6.720449e-01 -5.764834e-01 -4.647824e-01 -4.060947e+00 7.376596e-01 -4.661476e-01 -4.884308e-01 1.695138e+01
3.651402e-01 -6.310522e-01 -6.844310e-01 -1.484423e+01 8.708345e-01 -2.838452e-02 4.907562e-01 -4.209353e+00 -3.291201e-01 -7.752209e-01 5.391777e-01 1.757254e+01
7.725383e-01 -5.465546e-01 -3.232068e-01 -1.535869e+01 6.336100e-01 6.302731e-01 4.486582e-01 -4.356058e+00 -4.150765e-02 -5.513927e-01 8.332126e-01 1.818668e+01
1.339351e-01 -5.445324e-01 8.279770e-01 -1.586463e+01 -5.435786e-01 -7.389649e-01 -3.980618e-01 -4.499194e+00 8.286034e-01 -3.967561e-01 -3.949695e-01 1.878553e+01
8.297977e-01 -4.929360e-01 -2.616294e-01 -1.636803e+01 5.579618e-01 7.238361e-01 4.058817e-01 -4.641509e+00 -1.069689e-02 -4.827789e-01 8.756770e-01 1.938144e+01
1.919827e-01 -2.831199e-01 9.396732e-01 -1.686638e+01 -2.820263e-01 -9.330124e-01 -2.234928e-01 -4.783295e+00 9.400020e-01 -2.221058e-01 -2.589695e-01 1.997181e+01
9.910327e-01 -1.280685e-01 -3.811306e-02 -1.735675e+01 1.315334e-01 9.852381e-01 1.095664e-01 -4.922741e+00 2.351843e-02 -1.135971e-01 9.932485e-01 2.055192e+01
1.816032e-01 -3.825911e-01 9.058942e-01 -1.784322e+01 -3.814630e-01 -8.764854e-01 -2.936994e-01 -5.060420e+00 9.063698e-01 -2.922284e-01 -3.051169e-01 2.112877e+01
9.679337e-01 -2.364635e-01 -8.478978e-02 -1.832611e+01 2.490216e-01 9.476206e-01 2.000086e-01 -5.197857e+00 3.305380e-02 -2.147096e-01 9.761185e-01 2.170002e+01
1.818781e-01 -3.806815e-01 9.066432e-01 -1.879890e+01 -3.781331e-01 -8.781998e-01 -2.928829e-01 -5.332241e+00 9.077090e-01 -2.895629e-01 -3.036736e-01 2.225940e+01
9.662895e-01 -2.422347e-01 -8.721807e-02 -1.926742e+01 2.553588e-01 9.449127e-01 2.047726e-01 -5.464849e+00 3.281043e-02 -2.201415e-01 9.749160e-01 2.281420e+01
1.891586e-01 -1.318115e-01 9.730595e-01 -1.972985e+01 -1.301059e-01 -9.855770e-01 -1.082152e-01 -5.595665e+00 9.732890e-01 -1.061309e-01 -2.035798e-01 2.336154e+01
9.992224e-01 -3.810335e-02 -1.013550e-02 -2.020114e+01 3.843200e-02 9.986657e-01 3.449348e-02 -5.729611e+00 8.807659e-03 -3.485618e-02 9.993535e-01 2.391926e+01
1.147918e-01 1.590563e-01 9.805733e-01 -2.063948e+01 1.619454e-01 -9.768896e-01 1.395005e-01 -5.854216e+00 9.801003e-01 1.427858e-01 -1.378973e-01 2.443832e+01
9.995313e-01 2.990617e-02 6.549072e-03 -2.107979e+01 -2.974776e-02 9.992909e-01 -2.308041e-02 -5.978713e+00 -7.234676e-03 2.287477e-02 9.997122e-01 2.495952e+01
1.770526e-01 -4.892439e-02 9.829846e-01 -2.151697e+01 -4.600331e-02 -9.980834e-01 -4.138988e-02 -6.103063e+00 9.831257e-01 -3.789236e-02 -1.789640e-01 2.547683e+01
9.941896e-01 1.057073e-01 2.032207e-02 -2.194681e+01 -1.035941e-01 9.908802e-01 -8.616671e-02 -6.225218e+00 -2.924519e-02 8.356080e-02 9.960734e-01 2.598542e+01
6.518783e-02 2.597125e-01 9.634832e-01 -2.236769e+01 2.637807e-01 -9.356765e-01 2.343701e-01 -6.344851e+00 9.623774e-01 2.388702e-01 -1.295019e-01 2.648373e+01
7.195531e-01 6.905531e-01 -7.334671e-02 -2.278467e+01 -5.863628e-01 5.475842e-01 -5.969341e-01 -6.462781e+00 -3.720512e-01 4.725335e-01 7.989305e-01 2.697238e+01
-4.020754e-01 6.359742e-01 6.586898e-01 -2.318940e+01 6.417264e-01 -3.173982e-01 6.981731e-01 -6.577831e+00 6.530870e-01 7.034168e-01 -2.805034e-01 2.745158e+01
5.750059e-01 8.007153e-01 -1.679974e-01 -2.359427e+01 -6.418952e-01 3.142011e-01 -6.994628e-01 -6.692407e+00 -5.072857e-01 5.100320e-01 6.946428e-01 2.793052e+01
-3.995278e-01 6.356246e-01 6.605746e-01 -2.400698e+01 6.414860e-01 -3.209208e-01 6.967823e-01 -6.809791e+00 6.548841e-01 7.021333e-01 -2.795275e-01 2.841894e+01
5.775576e-01 7.992742e-01 -1.660962e-01 -2.439165e+01 -6.414222e-01 3.184482e-01 -6.979744e-01 -6.918568e+00 -5.049800e-01 5.096582e-01 6.965944e-01 2.887429e+01
-5.936572e-01 6.413960e-01 4.859858e-01 -2.476528e+01 6.392299e-01 9.009065e-03 7.689629e-01 -7.026190e+00 4.888315e-01 7.671571e-01 -4.153478e-01 2.933033e+01
7.567705e-01 6.501603e-01 -6.774974e-02 -2.513817e+01 -5.624065e-01 5.947711e-01 -5.744095e-01 -7.131507e+00 -3.331627e-01 4.727991e-01 8.157596e-01 2.976882e+01
-6.110119e-02 4.615137e-01 8.850264e-01 -2.549913e+01 4.454933e-01 -7.808564e-01 4.379486e-01 -7.233596e+00 8.931978e-01 4.210325e-01 -1.578900e-01 3.019637e+01
9.231520e-01 3.842270e-01 1.265060e-02 -2.584725e+01 -3.564986e-01 8.679188e-01 -3.458694e-01 -7.332078e+00 -1.438721e-01 3.147801e-01 9.381974e-01 3.060838e+01
1.285681e-01 1.631024e-01 9.781962e-01 -2.618197e+01 1.433207e-01 -9.790833e-01 1.444131e-01 -7.427172e+00 9.812897e-01 1.216289e-01 -1.492549e-01 3.100434e+01
9.484148e-01 3.164555e-01 1.911013e-02 -2.650421e+01 -2.979865e-01 9.103961e-01 -2.870245e-01 -7.518757e+00 -1.082283e-01 2.665237e-01 9.577326e-01 3.138567e+01
9.907824e-02 2.303754e-01 9.680448e-01 -2.681106e+01 2.109902e-01 -9.555752e-01 2.058132e-01 -7.605527e+00 9.724539e-01 1.838564e-01 -1.432837e-01 3.174905e+01
9.470007e-01 3.206937e-01 1.858091e-02 -2.710567e+01 -3.017599e-01 9.079405e-01 -2.908349e-01 -7.689255e+00 -1.101393e-01 2.698139e-01 9.565928e-01 3.209766e+01
8.453072e-02 2.594869e-01 9.620401e-01 -2.738468e+01 2.403804e-01 -9.422899e-01 2.330385e-01 -7.768210e+00 9.669911e-01 2.115566e-01 -1.420280e-01 3.242801e+01
9.883058e-01 -1.448621e-01 -4.761003e-02 -2.765239e+01 1.489905e-01 9.838420e-01 9.928151e-02 -7.844265e+00 3.245862e-02 -1.052139e-01 9.939197e-01 3.274511e+01
6.835176e-02 2.884981e-01 9.550376e-01 -2.790464e+01 2.705230e-01 -9.267717e-01 2.605983e-01 -7.915905e+00 9.602840e-01 2.405473e-01 -1.413919e-01 3.304396e+01
9.944509e-01 1.046176e-01 1.106910e-02 -2.814104e+01 -1.028297e-01 9.888514e-01 -1.076988e-01 -7.983074e+00 -2.221288e-02 1.059630e-01 9.941219e-01 3.332387e+01
1.923283e-01 -8.047639e-02 9.780252e-01 -2.837170e+01 -1.002891e-01 -9.930254e-01 -6.198885e-02 -8.048587e+00 9.761926e-01 -8.616309e-02 -1.990578e-01 3.359684e+01
9.870449e-01 1.595568e-01 1.685374e-02 -2.856955e+01 -1.551492e-01 9.759524e-01 -1.531200e-01 -8.104762e+00 -4.087977e-02 1.485214e-01 9.880639e-01 3.383096e+01
1.942062e-01 -9.246098e-02 9.765935e-01 -2.875940e+01 -1.124019e-01 -9.910884e-01 -7.148097e-02 -8.158541e+00 9.744998e-01 -9.588896e-02 -2.028683e-01 3.405584e+01
8.490446e-01 -4.733028e-01 -2.347504e-01 -2.893444e+01 5.282907e-01 7.653604e-01 3.676036e-01 -8.208256e+00 5.680855e-03 -4.361283e-01 8.998666e-01 3.426336e+01
1.474570e-02 -7.225104e-01 6.912028e-01 -2.910441e+01 -7.394267e-01 -4.732124e-01 -4.788717e-01 -8.256417e+00 6.730755e-01 -5.040326e-01 -5.412213e-01 3.446469e+01
8.618733e-01 -4.567268e-01 -2.203975e-01 -2.927040e+01 5.069864e-01 7.861228e-01 3.535191e-01 -8.303428e+00 1.179788e-02 -4.164272e-01 9.090925e-01 3.466138e+01
-3.115604e-02 -7.643088e-01 6.440973e-01 -2.943524e+01 -7.810524e-01 -3.834888e-01 -4.928423e-01 -8.350141e+00 6.236878e-01 -5.184287e-01 -5.850172e-01 3.485674e+01
2.746369e-01 -6.129225e-01 -7.408782e-01 -2.959901e+01 8.765027e-01 -1.572382e-01 4.549935e-01 -8.396627e+00 -3.953701e-01 -7.743398e-01 4.940449e-01 3.505069e+01
-4.703004e-01 -8.422804e-01 2.634032e-01 -2.976849e+01 -8.504000e-01 3.527580e-01 -3.903609e-01 -8.444584e+00 2.358757e-01 -4.075849e-01 -8.821775e-01 3.525146e+01
3.768596e-01 -6.462514e-01 -6.635781e-01 -2.992199e+01 8.732737e-01 9.039816e-03 4.871462e-01 -8.488040e+00 -3.088203e-01 -7.630710e-01 5.677611e-01 3.543329e+01
-3.605679e-01 -8.646940e-01 3.497073e-01 -3.008190e+01 -8.751627e-01 1.839536e-01 -4.474944e-01 -8.533491e+00 3.226159e-01 -4.674029e-01 -8.230757e-01 3.562251e+01
1.984919e-01 -5.728583e-01 -7.952574e-01 -3.024432e+01 8.640923e-01 -2.806434e-01 4.178322e-01 -8.579639e+00 -4.625424e-01 -7.701121e-01 4.392970e-01 3.581477e+01
-4.288303e-01 -8.537294e-01 2.953823e-01 -3.039637e+01 -8.628114e-01 2.901673e-01 -4.139559e-01 -8.622627e+00 2.676960e-01 -4.323760e-01 -8.610400e-01 3.599481e+01
2.956108e-01 -6.213102e-01 -7.256637e-01 -3.055461e+01 8.777047e-01 -1.232568e-01 4.630791e-01 -8.667597e+00 -3.771587e-01 -7.738097e-01 5.088909e-01 3.618204e+01
-5.102124e-02 -7.793772e-01 6.244741e-01 -3.071334e+01 -7.959853e-01 -3.459072e-01 -4.967450e-01 -8.712525e+00 6.031618e-01 -5.224168e-01 -6.027242e-01 3.636976e+01
5.246332e-01 -6.555557e-01 -5.431452e-01 -3.087541e+01 8.285837e-01 2.467055e-01 5.025788e-01 -8.758551e+00 -1.954715e-01 -7.137108e-01 6.726127e-01 3.656160e+01
2.020333e-03 -7.349636e-01 6.781036e-01 -3.103904e+01 -7.521597e-01 -4.479739e-01 -4.832962e-01 -8.805034e+00 6.589778e-01 -5.090658e-01 -5.537150e-01 3.675531e+01
6.975869e-01 -6.022163e-01 -3.882113e-01 -3.120666e+01 7.123181e-01 5.244425e-01 4.664365e-01 -8.852480e+00 -7.730115e-02 -6.019099e-01 7.948138e-01 3.695379e+01
-2.567312e-01 -8.629590e-01 4.351907e-01 -3.136928e+01 -8.753255e-01 1.670934e-02 -4.832453e-01 -8.898592e+00 4.097491e-01 -5.049976e-01 -7.596598e-01 3.714675e+01
2.610907e-01 -6.062960e-01 -7.511570e-01 -3.153522e+01 8.760409e-01 -1.780103e-01 4.481793e-01 -8.945530e+00 -4.054430e-01 -7.750597e-01 4.846632e-01 3.734314e+01
-3.997266e-01 -8.599023e-01 3.174691e-01 -3.170500e+01 -8.697080e-01 2.463940e-01 -4.276658e-01 -8.993594e+00 2.895284e-01 -4.470548e-01 -8.463541e-01 3.754413e+01
3.819520e-01 -6.470973e-01 -6.598316e-01 -3.187466e+01 8.731046e-01 1.858807e-02 4.871785e-01 -9.041577e+00 -3.029869e-01 -7.621808e-01 5.720834e-01 3.774518e+01
7.841404e-01 -5.395071e-01 -3.066855e-01 -3.204744e+01 6.201418e-01 6.625691e-01 4.200313e-01 -9.090724e+00 -2.340953e-02 -5.195521e-01 8.541181e-01 3.795051e+01
1.640986e-01 -4.733806e-01 8.654377e-01 -3.223028e+01 -4.920386e-01 -7.996774e-01 -3.441136e-01 -9.142460e+00 8.549677e-01 -3.693602e-01 -3.641475e-01 3.816691e+01
8.006420e-01 -5.245073e-01 -2.895935e-01 -3.242129e+01 5.989775e-01 6.893502e-01 4.074583e-01 -9.196502e+00 -1.408352e-02 -4.996883e-01 8.660908e-01 3.839300e+01
-4.893773e-03 -7.455761e-01 6.664025e-01 -3.261417e+01 -7.627444e-01 -4.281775e-01 -4.846494e-01 -9.251142e+00 6.466816e-01 -5.106665e-01 -5.665886e-01 3.862146e+01
5.495925e-01 -6.507184e-01 -5.239405e-01 -3.282159e+01 8.172732e-01 2.887222e-01 4.987024e-01 -9.309882e+00 -1.732416e-01 -7.022856e-01 6.904943e-01 3.886696e+01
-4.662926e-02 -7.796083e-01 6.245291e-01 -3.303920e+01 -7.963278e-01 -3.484409e-01 -4.944198e-01 -9.371543e+00 6.030653e-01 -5.203843e-01 -6.045762e-01 3.912454e+01
5.448242e-01 -6.514094e-01 -5.280458e-01 -3.326760e+01 8.197272e-01 2.810600e-01 4.990516e-01 -9.436337e+00 -1.766743e-01 -7.047489e-01 6.871063e-01 3.939489e+01
-3.374981e-02 -7.698736e-01 6.373033e-01 -3.351469e+01 -7.866376e-01 -3.728777e-01 -4.921010e-01 -9.506467e+00 6.164918e-01 -5.179351e-01 -5.930270e-01 3.968736e+01
6.624805e-01 -6.176543e-01 -4.238192e-01 -3.376823e+01 7.429568e-01 4.695948e-01 4.769654e-01 -9.578265e+00 -9.557642e-02 -6.308596e-01 7.699879e-01 3.998753e+01
9.506325e-02 -6.248751e-01 7.749155e-01 -3.402843e+01 -6.436690e-01 -6.324036e-01 -4.309940e-01 -9.652052e+00 7.593768e-01 -4.578174e-01 -4.623311e-01 4.029553e+01
7.480494e-01 -5.682532e-01 -3.427978e-01 -3.430010e+01 6.622532e-01 6.057742e-01 4.409742e-01 -9.729264e+00 -4.292689e-02 -5.568895e-01 8.294766e-01 4.061708e+01
7.110772e-02 -6.603794e-01 7.475578e-01 -3.457904e+01 -6.782355e-01 -5.815500e-01 -4.492173e-01 -9.808491e+00 7.313962e-01 -4.750774e-01 -4.892455e-01 4.094723e+01
6.794271e-01 -6.097126e-01 -4.082026e-01 -3.486962e+01 7.288193e-01 4.964477e-01 4.715528e-01 -9.890664e+00 -8.486042e-02 -6.178917e-01 7.816703e-01 4.129121e+01
9.688756e-02 -6.217178e-01 7.772257e-01 -3.516387e+01 -6.400223e-01 -6.369515e-01 -4.297258e-01 -9.974272e+00 7.622232e-01 -4.558067e-01 -4.596260e-01 4.163955e+01
6.951136e-01 -6.015978e-01 -3.935698e-01 -3.546498e+01 7.149844e-01 5.214638e-01 4.656961e-01 -1.005950e+01 -7.492930e-02 -6.051080e-01 7.926096e-01 4.199595e+01
7.140787e-02 -6.602293e-01 7.476618e-01 -3.577575e+01 -6.787420e-01 -5.814281e-01 -4.486097e-01 -1.014747e+01 7.308968e-01 -4.754352e-01 -4.896439e-01 4.236383e+01
7.399225e-01 -5.739934e-01 -3.507796e-01 -3.609748e+01 6.710142e-01 5.929760e-01 4.451061e-01 -1.023883e+01 -4.748406e-02 -5.647221e-01 8.239140e-01 4.274462e+01
1.125133e-01 -5.952102e-01 7.956542e-01 -3.643181e+01 -6.142903e-01 -6.710532e-01 -4.151325e-01 -1.033345e+01 7.810174e-01 -4.420547e-01 -4.411343e-01 4.314031e+01
8.190138e-01 -5.059305e-01 -2.706488e-01 -3.675936e+01 5.737630e-01 7.192550e-01 3.917504e-01 -1.042610e+01 -3.532935e-03 -4.761372e-01 8.793639e-01 4.352812e+01
1.396997e-01 -5.398918e-01 8.300607e-01 -3.709846e+01 -5.598079e-01 -7.345186e-01 -3.835329e-01 -1.052219e+01 8.167613e-01 -4.110951e-01 -4.048478e-01 4.392951e+01
8.268150e-01 -4.975066e-01 -2.624196e-01 -3.744976e+01 5.624739e-01 7.315245e-01 3.853506e-01 -1.062194e+01 2.519239e-04 -4.662178e-01 8.846699e-01 4.434536e+01
1.230046e-01 -5.750934e-01 8.087876e-01 -3.780958e+01 -5.944848e-01 -6.952704e-01 -4.039640e-01 -1.072406e+01 7.946431e-01 -4.311225e-01 -4.274058e-01 4.477123e+01
7.727175e-01 -5.492508e-01 -3.181686e-01 -3.817671e+01 6.341037e-01 6.453374e-01 4.259720e-01 -1.082833e+01 -2.863939e-02 -5.309079e-01 8.469454e-01 4.520584e+01
4.040481e-02 -6.993336e-01 7.136526e-01 -3.854690e+01 -7.170548e-01 -5.176980e-01 -4.667132e-01 -1.093354e+01 6.958447e-01 -4.928705e-01 -5.223780e-01 4.564416e+01
8.406278e-01 -4.815652e-01 -2.478707e-01 -3.893175e+01 5.415768e-01 7.526927e-01 3.743639e-01 -1.104286e+01 6.289763e-03 -4.489417e-01 8.935389e-01 4.609950e+01
1.315180e-01 -5.581802e-01 8.192300e-01 -3.931378e+01 -5.768980e-01 -7.151498e-01 -3.946510e-01 -1.115097e+01 8.061586e-01 -4.207085e-01 -4.160682e-01 4.655185e+01
8.015448e-01 -5.232587e-01 -2.893551e-01 -3.970764e+01 5.977910e-01 6.906591e-01 4.069840e-01 -1.126291e+01 -1.311221e-02 -4.991897e-01 8.663935e-01 4.701802e+01
1.041583e-01 -6.104967e-01 7.851400e-01 -4.010862e+01 -6.287775e-01 -6.520685e-01 -4.236101e-01 -1.137644e+01 7.705776e-01 -4.495558e-01 -4.517850e-01 4.749274e+01
6.675183e-01 -6.150144e-01 -4.197339e-01 -4.051506e+01 7.389024e-01 4.775760e-01 4.753362e-01 -1.149143e+01 -9.188376e-02 -6.274380e-01 7.732263e-01 4.797366e+01
1.186502e-01 -5.846879e-01 8.025348e-01 -4.093075e+01 -6.029130e-01 -6.846116e-01 -4.096376e-01 -1.160962e+01 7.889348e-01 -4.352551e-01 -4.337452e-01 4.846584e+01
7.846653e-01 -5.387493e-01 -3.066751e-01 -4.135166e+01 6.195541e-01 6.645353e-01 4.177865e-01 -1.172840e+01 -2.128574e-02 -5.178244e-01 8.552221e-01 4.896412e+01
9.717292e-02 -6.220353e-01 7.769360e-01 -4.178488e+01 -6.404869e-01 -6.365924e-01 -4.295656e-01 -1.185159e+01 7.617965e-01 -4.558752e-01 -4.602650e-01 4.947669e+01
5.415068e-01 -6.517606e-01 -5.310164e-01 -4.222131e+01 8.213439e-01 2.753994e-01 4.995492e-01 -1.197559e+01 -1.793449e-01 -7.066564e-01 6.844503e-01 4.999364e+01
-1.163983e-01 -8.216276e-01 5.580139e-01 -4.266070e+01 -8.366859e-01 -2.216182e-01 -5.008414e-01 -1.210042e+01 5.351711e-01 -5.251795e-01 -6.616483e-01 5.051365e+01
5.505779e-01 -6.503415e-01 -5.233737e-01 -4.310371e+01 8.165336e-01 2.891718e-01 4.996524e-01 -1.222635e+01 -1.735998e-01 -7.024497e-01 6.902373e-01 5.103791e+01
-6.011830e-02 -7.892361e-01 6.111400e-01 -4.355057e+01 -8.050885e-01 -3.236040e-01 -4.971046e-01 -1.235271e+01 5.901002e-01 -5.219069e-01 -6.159504e-01 5.156706e+01
7.064615e-01 -5.950060e-01 -3.832493e-01 -4.400889e+01 7.044333e-01 5.387634e-01 4.620689e-01 -1.248293e+01 -6.845304e-02 -5.964075e-01 7.997577e-01 5.210933e+01
-3.340767e-02 -7.695601e-01 6.376999e-01 -4.447819e+01 -7.850951e-01 -3.746345e-01 -4.932288e-01 -1.261636e+01 6.184737e-01 -5.171327e-01 -5.916622e-01 5.266433e+01
6.422697e-01 -6.258223e-01 -4.425336e-01 -4.494736e+01 7.585372e-01 4.360774e-01 4.842085e-01 -1.274905e+01 -1.100496e-01 -6.466706e-01 7.547888e-01 5.321975e+01
3.791686e-01 -6.454895e-01 -6.630041e-01 -4.447930e+01 8.733804e-01 1.295784e-02 4.868662e-01 -1.261621e+01 -3.056760e-01 -7.636592e-01 5.686711e-01 5.266684e+01
-1.820228e-01 -8.472065e-01 4.991080e-01 -4.494137e+01 -8.610258e-01 -1.078040e-01 -4.970038e-01 -1.274700e+01 4.748707e-01 -5.202109e-01 -7.098439e-01 5.321370e+01
4.563004e-01 -6.559918e-01 -6.012194e-01 -4.540504e+01 8.556958e-01 1.381548e-01 4.986963e-01 -1.287821e+01 -2.440793e-01 -7.420162e-01 6.243694e-01 5.376286e+01
8.519266e-01 -4.667979e-01 -2.373202e-01 -4.587118e+01 5.235342e-01 7.692145e-01 3.663619e-01 -1.301112e+01 1.153315e-02 -4.363586e-01 8.996989e-01 5.431932e+01
6.174571e-01 -6.321671e-01 -4.680935e-01 -4.540773e+01 7.766570e-01 3.956142e-01 4.901972e-01 -1.287977e+01 -1.247021e-01 -6.662238e-01 7.352518e-01 5.376941e+01
1.724547e-01 -4.554559e-01 8.733953e-01 -4.587999e+01 -4.708973e-01 -8.169158e-01 -3.330229e-01 -1.301349e+01 8.651677e-01 -3.538482e-01 -3.553539e-01 5.432824e+01
9.251515e-01 -3.478849e-01 -1.518904e-01 -4.635014e+01 3.775273e-01 8.849729e-01 2.725731e-01 -1.314734e+01 3.959488e-02 -3.095142e-01 9.500701e-01 5.488446e+01
1.788816e-01 -4.320686e-01 8.839220e-01 -4.681053e+01 -4.461803e-01 -8.363432e-01 -3.185171e-01 -1.327813e+01 8.768834e-01 -3.374117e-01 -3.423869e-01 5.542931e+01
2.094123e-01 -5.751613e-02 9.761344e-01 -4.728995e+01 -5.098422e-02 -9.975530e-01 -4.784040e-02 -1.341221e+01 9.764974e-01 -3.974908e-02 -2.118323e-01 5.597018e+01
8.349981e-01 -4.674356e-01 -2.903139e-01 -4.777056e+01 5.482537e-01 7.516813e-01 3.665966e-01 -1.354572e+01 4.686322e-02 -4.652731e-01 8.839258e-01 5.651548e+01
2.186135e-01 -4.387991e-01 8.715868e-01 -4.824127e+01 -4.461282e-01 -8.393224e-01 -3.106567e-01 -1.367947e+01 8.678581e-01 -3.209257e-01 -3.792479e-01 5.707272e+01
8.035846e-01 -5.003784e-01 -3.222936e-01 -4.870859e+01 5.943822e-01 7.028692e-01 3.907489e-01 -1.381227e+01 3.100793e-02 -5.055654e-01 8.622309e-01 5.762593e+01
1.453095e-01 -6.181901e-01 7.724805e-01 -4.917627e+01 -6.322705e-01 -6.585582e-01 -4.080870e-01 -1.394450e+01 7.609988e-01 -4.291177e-01 -4.865582e-01 5.817976e+01
7.351707e-01 -5.561478e-01 -3.875869e-01 -4.964345e+01 6.778558e-01 5.980968e-01 4.275415e-01 -1.407665e+01 -5.961742e-03 -5.770441e-01 8.166913e-01 5.873280e+01
5.474540e-01 -6.324970e-01 -5.479430e-01 -4.917280e+01 8.267741e-01 3.075702e-01 4.710044e-01 -1.394307e+01 -1.293780e-01 -7.108784e-01 6.913127e-01 5.817618e+01
-8.587243e-02 -8.334467e-01 5.458869e-01 -4.964418e+01 -8.540526e-01 -2.205690e-01 -4.711087e-01 -1.407693e+01 5.130498e-01 -5.066714e-01 -6.928665e-01 5.873412e+01
4.453358e-01 -6.390446e-01 -6.271348e-01 -5.011397e+01 8.713829e-01 1.483145e-01 4.676481e-01 -1.421061e+01 -2.058348e-01 -7.547349e-01 6.229023e-01 5.929023e+01
-2.771511e-01 -8.778817e-01 3.905266e-01 -5.058665e+01 -8.976374e-01 9.160890e-02 -4.311088e-01 -1.434518e+01 3.426868e-01 -4.700336e-01 -8.134090e-01 5.984897e+01
2.753010e-01 -6.041065e-01 -7.478400e-01 -5.105975e+01 8.973949e-01 -1.175205e-01 4.252897e-01 -1.447968e+01 -3.448068e-01 -7.881905e-01 5.097686e-01 6.040890e+01
4.566964e-02 -7.417885e-01 6.690771e-01 -5.153529e+01 -7.590273e-01 -4.612112e-01 -4.595235e-01 -1.461483e+01 6.494551e-01 -4.868615e-01 -5.841010e-01 6.097240e+01
7.683473e-01 -5.327415e-01 -3.547237e-01 -5.200883e+01 6.399562e-01 6.480633e-01 4.128802e-01 -1.474875e+01 9.924945e-03 -5.442430e-01 8.388689e-01 6.153346e+01
-3.920452e-02 -8.074409e-01 5.886443e-01 -5.248975e+01 -8.272802e-01 -3.041677e-01 -4.723235e-01 -1.488481e+01 5.604200e-01 -5.054910e-01 -6.560551e-01 6.210330e+01
5.458925e-01 -6.332383e-01 -5.486443e-01 -5.296949e+01 8.272637e-01 3.035721e-01 4.727354e-01 -1.502120e+01 -1.328010e-01 -7.119363e-01 6.895728e-01 6.267115e+01
-2.782325e-02 -8.000803e-01 5.992473e-01 -5.344991e+01 -8.190946e-01 -3.253768e-01 -4.724552e-01 -1.515786e+01 5.729833e-01 -5.039855e-01 -6.462885e-01 6.323980e+01
4.358923e-01 -6.387410e-01 -6.340408e-01 -5.393489e+01 8.737424e-01 1.314073e-01 4.683016e-01 -1.529589e+01 -2.158059e-01 -7.581174e-01 6.153745e-01 6.381400e+01
-1.204390e-01 -8.472056e-01 5.174332e-01 -5.442226e+01 -8.665741e-01 -1.645562e-01 -4.711376e-01 -1.543430e+01 4.842973e-01 -5.051375e-01 -7.143474e-01 6.439089e+01
5.912622e-01 -6.230699e-01 -5.120477e-01 -5.491498e+01 7.998778e-01 3.719867e-01 4.709792e-01 -1.557440e+01 -1.029780e-01 -6.880478e-01 7.183215e-01 6.497350e+01
-1.175793e-01 -8.466495e-01 5.189988e-01 -5.540974e+01 -8.655757e-01 -1.688047e-01 -4.714696e-01 -1.571439e+01 4.867789e-01 -5.046678e-01 -7.129914e-01 6.555960e+01
4.228951e-01 -6.372339e-01 -6.442769e-01 -5.590550e+01 8.776678e-01 1.110864e-01 4.662178e-01 -1.585464e+01 -2.255193e-01 -7.626223e-01 6.062576e-01 6.614647e+01
-2.888708e-01 -8.785953e-01 3.802946e-01 -5.640585e+01 -8.973900e-01 1.101048e-01 -4.272799e-01 -1.599620e+01 3.335339e-01 -4.647013e-01 -8.202487e-01 6.673901e+01
1.711020e-01 -5.521823e-01 -8.159772e-01 -5.691050e+01 8.830411e-01 -2.813846e-01 3.755812e-01 -1.613973e+01 -4.369927e-01 -7.848041e-01 4.394542e-01 6.733652e+01
-5.336925e-01 -8.197963e-01 2.076204e-01 -5.742593e+01 -8.336372e-01 4.687099e-01 -2.921645e-01 -1.628565e+01 1.422016e-01 -3.290061e-01 -9.335597e-01 6.794687e+01
1.439741e-01 -5.351399e-01 -8.324042e-01 -5.792174e+01 8.757663e-01 -3.227588e-01 3.589709e-01 -1.642594e+01 -4.607654e-01 -7.806741e-01 4.221886e-01 6.853413e+01
-5.363739e-01 -8.184851e-01 2.058764e-01 -5.842707e+01 -8.324294e-01 4.728317e-01 -2.889488e-01 -1.656885e+01 1.391555e-01 -3.263622e-01 -9.349457e-01 6.913259e+01
-8.216395e-03 -4.011754e-01 -9.159644e-01 -5.894119e+01 7.938306e-01 -5.596372e-01 2.379898e-01 -1.671429e+01 -6.080834e-01 -7.251652e-01 3.230635e-01 6.974109e+01
-4.934311e-01 -8.378045e-01 2.336865e-01 -5.946370e+01 -8.530812e-01 4.137596e-01 -3.178923e-01 -1.686207e+01 1.696415e-01 -3.562115e-01 -9.188771e-01 7.035948e+01
-2.927725e-02 -3.764588e-01 -9.259706e-01 -5.997222e+01 7.759364e-01 -5.925432e-01 2.163685e-01 -1.700662e+01 -6.301314e-01 -7.121596e-01 3.094561e-01 7.096144e+01
-1.686298e-01 -8.640440e-01 4.743332e-01 -6.049393e+01 -8.831113e-01 -8.130784e-02 -4.620643e-01 -1.715486e+01 4.378109e-01 -4.968068e-01 -7.493361e-01 7.157980e+01
5.600335e-01 -6.282072e-01 -5.401094e-01 -6.101760e+01 8.193098e-01 3.232852e-01 4.735168e-01 -1.730383e+01 -1.228572e-01 -7.077022e-01 6.957469e-01 7.219801e+01
8.845879e-03 -7.768460e-01 6.296285e-01 -6.154285e+01 -7.931012e-01 -3.889404e-01 -4.687385e-01 -1.745221e+01 6.090256e-01 -4.952127e-01 -6.195580e-01 7.281984e+01
5.479698e-01 -6.305764e-01 -5.496385e-01 -6.206526e+01 8.263087e-01 3.057987e-01 4.729706e-01 -1.759988e+01 -1.301653e-01 -7.133447e-01 6.886192e-01 7.343829e+01
2.151583e-01 -4.519971e-01 8.656821e-01 -6.259457e+01 -4.575122e-01 -8.298008e-01 -3.195515e-01 -1.775023e+01 8.627801e-01 -3.273060e-01 -3.853327e-01 7.406457e+01
9.859781e-01 -1.363615e-01 -9.619066e-02 -6.310064e+01 1.476039e-01 9.815542e-01 1.215093e-01 -1.789397e+01 7.784716e-02 -1.340036e-01 9.879184e-01 7.466322e+01
2.321804e-01 -7.848598e-02 9.695010e-01 -6.360928e+01 -6.826070e-02 -9.955964e-01 -6.425116e-02 -1.803796e+01 9.702746e-01 -5.126096e-02 -2.365155e-01 7.526527e+01
8.404507e-01 -4.605823e-01 -2.854934e-01 -6.411423e+01 5.397342e-01 7.584354e-01 3.653255e-01 -1.818138e+01 4.826582e-02 -4.611287e-01 8.860196e-01 7.586365e+01
2.408941e-01 -3.050722e-01 9.213582e-01 -6.460709e+01 -3.046812e-01 -9.250944e-01 -2.266488e-01 -1.832084e+01 9.214876e-01 -2.261222e-01 -3.157995e-01 7.644687e+01
9.983922e-01 3.409121e-02 -4.528517e-02 -6.510362e+01 -3.469266e-02 9.993191e-01 -1.256231e-02 -1.846185e+01 4.482607e-02 1.411317e-02 9.988951e-01 7.703371e+01
2.348216e-01 -9.325470e-02 9.675548e-01 -6.560482e+01 -8.381711e-02 -9.936225e-01 -7.542508e-02 -1.860364e+01 9.684180e-01 -6.338621e-02 -2.411404e-01 7.762732e+01
9.986344e-01 1.367934e-02 -5.042028e-02 -6.608681e+01 -1.351581e-02 9.999022e-01 3.582779e-03 -1.874061e+01 5.046436e-02 -2.896416e-03 9.987217e-01 7.819769e+01
1.930453e-01 7.968991e-02 9.779484e-01 -6.657208e+01 9.708806e-02 -9.933565e-01 6.178045e-02 -1.887802e+01 9.763746e-01 8.302068e-02 -1.994997e-01 7.877205e+01
9.664280e-01 -2.204195e-01 -1.320307e-01 -6.705278e+01 2.425361e-01 9.522228e-01 1.856019e-01 -1.901407e+01 8.481235e-02 -2.113931e-01 9.737145e-01 7.934066e+01
2.408742e-01 -3.154588e-01 9.178591e-01 -6.752274e+01 -3.153472e-01 -9.198315e-01 -2.333799e-01 -1.914755e+01 9.178975e-01 -2.332291e-01 -3.210427e-01 7.989678e+01
8.925169e-01 -3.885560e-01 -2.289931e-01 -6.798621e+01 4.454227e-01 8.390858e-01 3.123038e-01 -1.927889e+01 7.079730e-02 -3.807352e-01 9.219699e-01 8.044538e+01
1.236538e-01 -6.535056e-01 7.467530e-01 -6.844296e+01 -6.665658e-01 -6.121768e-01 -4.253583e-01 -1.940857e+01 7.351189e-01 -4.451629e-01 -5.113025e-01 8.098569e+01
6.803985e-01 -5.873015e-01 -4.383318e-01 -6.889316e+01 7.317219e-01 5.113771e-01 4.506402e-01 -1.953644e+01 -4.050877e-02 -6.273519e-01 7.776816e-01 8.151870e+01
8.518078e-02 -7.037575e-01 7.053152e-01 -6.933438e+01 -7.185330e-01 -5.337954e-01 -4.458394e-01 -1.966143e+01 6.902569e-01 -4.688153e-01 -5.511421e-01 8.204098e+01
7.079209e-01 -5.724627e-01 -4.136841e-01 -6.977342e+01 7.059181e-01 5.544303e-01 4.407795e-01 -1.978565e+01 -2.297085e-02 -6.040641e-01 7.966046e-01 8.256074e+01
1.413365e-01 -6.261878e-01 7.667547e-01 -7.020813e+01 -6.389325e-01 -6.493133e-01 -4.125016e-01 -1.990864e+01 7.561675e-01 -4.316030e-01 -4.918634e-01 8.307528e+01
7.092062e-01 -5.717473e-01 -4.124702e-01 -7.063782e+01 7.046525e-01 5.564760e-01 4.402264e-01 -2.003073e+01 -2.216852e-02 -6.028594e-01 7.975394e-01 8.358399e+01
2.350068e-01 -3.616470e-01 9.022102e-01 -7.106203e+01 -3.632552e-01 -8.936264e-01 -2.635859e-01 -2.015126e+01 9.015639e-01 -2.657880e-01 -3.413785e-01 8.408656e+01
7.914420e-01 -5.108973e-01 -3.355646e-01 -7.147722e+01 6.107490e-01 6.830731e-01 4.004957e-01 -2.026917e+01 2.460299e-02 -5.219148e-01 8.526427e-01 8.457822e+01
1.916937e-01 -5.239395e-01 8.299042e-01 -7.188681e+01 -5.321599e-01 -7.659815e-01 -3.606636e-01 -2.038512e+01 8.246571e-01 -3.725048e-01 -4.256534e-01 8.506297e+01
7.909271e-01 -5.114567e-01 -3.359261e-01 -7.229113e+01 6.114160e-01 6.826154e-01 4.002583e-01 -2.049963e+01 2.459358e-02 -5.219657e-01 8.526118e-01 8.554156e+01
1.863689e-01 -5.371087e-01 8.226670e-01 -7.269771e+01 -5.457442e-01 -7.528680e-01 -3.679037e-01 -2.061513e+01 8.169639e-01 -3.803999e-01 -4.334351e-01 8.602284e+01
7.770820e-01 -5.234434e-01 -3.495004e-01 -7.307202e+01 6.291780e-01 6.607612e-01 4.093039e-01 -2.072151e+01 1.668889e-02 -5.379607e-01 8.428047e-01 8.646596e+01
2.166599e-01 -4.473358e-01 8.677264e-01 -7.346499e+01 -4.516473e-01 -8.339281e-01 -3.171415e-01 -2.083319e+01 8.654902e-01 -3.231944e-01 -3.827168e-01 8.693127e+01
9.204491e-01 -3.384343e-01 -1.955395e-01 -7.384199e+01 3.828737e-01 8.813244e-01 2.769026e-01 -2.094029e+01 7.862042e-02 -3.297417e-01 9.407918e-01 8.737741e+01
1.848650e-01 1.025483e-01 9.773990e-01 -7.421823e+01 1.234536e-01 -9.890860e-01 8.042455e-02 -2.104727e+01 9.749790e-01 1.057957e-01 -1.955074e-01 8.782417e+01
1.043346e-01 2.696503e-01 9.572894e-01 -7.384922e+01 2.987324e-01 -9.265916e-01 2.284446e-01 -2.094255e+01 9.486165e-01 2.621387e-01 -1.772288e-01 8.738760e+01
9.552902e-01 2.952904e-01 -1.497057e-02 -7.420681e+01 -2.911676e-01 9.307355e-01 -2.212530e-01 -2.104415e+01 -5.140025e-02 2.157198e-01 9.751015e-01 8.781085e+01
1.345205e-01 2.165617e-01 9.669567e-01 -7.456008e+01 2.428308e-01 -9.532762e-01 1.797158e-01 -2.114404e+01 9.606963e-01 2.106314e-01 -1.808230e-01 8.822909e+01
9.893529e-01 1.430697e-01 -2.668260e-02 -7.491087e+01 -1.450128e-01 9.846233e-01 -9.740801e-02 -2.124372e+01 1.233618e-02 1.002402e-01 9.948868e-01 8.864435e+01
1.717558e-01 1.370750e-01 9.755565e-01 -7.525896e+01 1.594937e-01 -9.810771e-01 1.097704e-01 -2.134221e+01 9.721428e-01 1.367414e-01 -1.903683e-01 8.905642e+01
7.966117e-01 6.008596e-01 -6.616332e-02 -7.560958e+01 -5.543813e-01 6.825531e-01 -4.762169e-01 -2.144118e+01 -2.409795e-01 4.160397e-01 8.768351e-01 8.946524e+01
8.426899e-02 3.121611e-01 9.462844e-01 -7.596179e+01 3.448557e-01 -9.001121e-01 2.662194e-01 -2.154122e+01 9.348654e-01 3.038976e-01 -1.835021e-01 8.988179e+01
9.862917e-01 1.619717e-01 -3.152427e-02 -7.631170e+01 -1.645148e-01 9.800187e-01 -1.117952e-01 -2.164060e+01 1.278671e-02 1.154489e-01 9.932311e-01 9.029608e+01
1.633432e-01 1.731915e-01 9.712485e-01 -7.666366e+01 1.978828e-01 -9.702157e-01 1.397277e-01 -2.174013e+01 9.665202e-01 1.693699e-01 -1.927498e-01 9.071278e+01
9.068996e-01 4.203948e-01 -2.830977e-02 -7.701894e+01 -4.063548e-01 8.548911e-01 -3.225475e-01 -2.184109e+01 -1.113955e-01 3.040220e-01 9.461298e-01 9.113272e+01
-5.413236e-02 4.695315e-01 8.812547e-01 -7.737764e+01 5.128560e-01 -7.441748e-01 4.279984e-01 -2.194325e+01 8.567662e-01 4.751253e-01 -2.005181e-01 9.155736e+01
7.427608e-01 6.632794e-01 -9.147027e-02 -7.773397e+01 -6.008826e-01 6.000618e-01 -5.280776e-01 -2.204454e+01 -2.953752e-01 4.471983e-01 8.442554e-01 9.197879e+01
-1.771352e-01 5.573155e-01 8.111859e-01 -7.809774e+01 6.075588e-01 -5.865019e-01 5.356191e-01 -2.214804e+01 7.742709e-01 5.877201e-01 -2.347118e-01 9.240935e+01
6.844204e-01 7.190232e-01 -1.207246e-01 -7.847401e+01 -6.374554e-01 5.097756e-01 -5.777365e-01 -2.225428e+01 -3.538635e-01 4.723712e-01 8.072460e-01 9.285509e+01
-4.062634e-01 6.326568e-01 6.593144e-01 -7.884030e+01 6.878273e-01 -2.632629e-01 6.764513e-01 -2.235780e+01 6.015345e-01 7.283118e-01 -3.282045e-01 9.328860e+01
5.223318e-01 8.252085e-01 -2.149428e-01 -7.921037e+01 -6.876466e-01 2.585421e-01 -6.784527e-01 -2.246231e+01 -5.042932e-01 5.021822e-01 7.024966e-01 9.372681e+01
-3.615619e-01 6.255062e-01 6.913863e-01 -7.960021e+01 6.803963e-01 -3.299787e-01 6.543508e-01 -2.257337e+01 6.374432e-01 7.070050e-01 -3.062844e-01 9.418793e+01
4.624470e-01 8.497976e-01 -2.529560e-01 -7.997423e+01 -6.911339e-01 1.667798e-01 -7.032200e-01 -2.267917e+01 -5.554068e-01 5.000285e-01 6.644508e-01 9.463098e+01
-3.048420e-01 6.107692e-01 7.307752e-01 -8.037361e+01 6.651527e-01 -4.126329e-01 6.223391e-01 -2.279274e+01 6.816475e-01 6.757922e-01 -2.804669e-01 9.510318e+01
8.509760e-01 5.233935e-01 -4.357789e-02 -8.076882e+01 -4.935445e-01 7.685481e-01 -4.071212e-01 -2.290453e+01 -1.795929e-01 3.679580e-01 9.123340e-01 9.557090e+01
6.351846e-02 3.392771e-01 9.385395e-01 -8.117231e+01 3.770744e-01 -8.788847e-01 2.921926e-01 -2.301929e+01 9.240023e-01 3.353396e-01 -1.837581e-01 9.604815e+01
8.529771e-01 5.201682e-01 -4.307111e-02 -8.158132e+01 -4.912697e-01 7.722292e-01 -4.028849e-01 -2.313559e+01 -1.763072e-01 3.648111e-01 9.142366e-01 9.653182e+01
5.495824e-02 3.504873e-01 9.349536e-01 -8.200316e+01 3.904095e-01 -8.693678e-01 3.029521e-01 -2.325554e+01 9.189994e-01 3.483651e-01 -1.846125e-01 9.703074e+01
9.248463e-01 3.795851e-01 -2.396943e-02 -8.243315e+01 -3.702456e-01 8.840846e-01 -2.851536e-01 -2.337702e+01 -8.704906e-02 2.725978e-01 9.581821e-01 9.753992e+01
1.823205e-02 3.949094e-01 9.185391e-01 -8.287791e+01 4.359272e-01 -8.299135e-01 3.481537e-01 -2.350278e+01 8.997972e-01 3.940686e-01 -1.872828e-01 9.806643e+01
8.677171e-01 4.956016e-01 -3.802731e-02 -8.332837e+01 -4.709158e-01 7.951863e-01 -3.819909e-01 -2.363095e+01 -1.590765e-01 3.493677e-01 9.233834e-01 9.859940e+01
-7.921291e-03 4.234025e-01 9.059070e-01 -8.378779e+01 4.665263e-01 -7.997348e-01 3.778591e-01 -2.376110e+01 8.844719e-01 4.256225e-01 -1.911935e-01 9.914334e+01
9.531857e-01 3.015394e-01 -2.260391e-02 -8.425515e+01 -2.989405e-01 9.284388e-01 -2.205357e-01 -2.389403e+01 -4.551384e-02 2.169687e-01 9.751170e-01 9.969678e+01
-2.363989e-01 5.852567e-01 7.756225e-01 -8.473370e+01 6.396047e-01 -5.071819e-01 5.776437e-01 -2.403002e+01 7.314516e-01 6.326461e-01 -2.544357e-01 1.002647e+02
8.174648e-01 5.731186e-01 -5.732609e-02 -8.521387e+01 -5.341383e-01 7.170775e-01 -4.477679e-01 -2.416593e+01 -2.155169e-01 3.966546e-01 8.923103e-01 1.008328e+02
2.614020e-02 3.880451e-01 9.212696e-01 -8.571036e+01 4.284761e-01 -8.369858e-01 3.403865e-01 -2.430634e+01 9.031749e-01 3.858443e-01 -1.881470e-01 1.014209e+02
8.381856e-01 5.430988e-01 -4.988659e-02 -8.620461e+01 -5.105058e-01 7.491052e-01 -4.221673e-01 -2.444693e+01 -1.919082e-01 3.793219e-01 9.051443e-01 1.020055e+02
-1.489870e-01 5.396457e-01 8.286045e-01 -8.670034e+01 5.907460e-01 -6.234111e-01 5.122282e-01 -2.458783e+01 7.929830e-01 5.658101e-01 -2.259134e-01 1.025924e+02
7.144892e-01 6.916729e-01 -1.053272e-01 -8.719230e+01 -6.211688e-01 5.578420e-01 -5.504195e-01 -2.472765e+01 -3.219543e-01 4.586947e-01 8.282177e-01 1.031744e+02
-2.618622e-01 5.964318e-01 7.587472e-01 -8.769140e+01 6.515140e-01 -4.707608e-01 5.949065e-01 -2.486886e+01 7.120096e-01 6.501180e-01 -2.653092e-01 1.037651e+02
5.586729e-01 8.068382e-01 -1.920853e-01 -8.818624e+01 -6.836504e-01 3.168578e-01 -6.574369e-01 -2.500884e+01 -4.695815e-01 4.986114e-01 7.286151e-01 1.043511e+02
-4.003080e-01 6.311380e-01 6.643932e-01 -8.867501e+01 6.878332e-01 -2.721205e-01 6.729309e-01 -2.514661e+01 6.055072e-01 7.263713e-01 -3.251857e-01 1.049298e+02
6.283777e-01 7.631503e-01 -1.508083e-01 -8.916020e+01 -6.626811e-01 4.236090e-01 -6.175834e-01 -2.528376e+01 -4.074252e-01 4.880134e-01 7.719117e-01 1.055041e+02
-4.230287e-01 6.333478e-01 6.480102e-01 -8.963809e+01 6.901657e-01 -2.381742e-01 6.833333e-01 -2.541954e+01 5.871269e-01 7.363041e-01 -3.363604e-01 1.060698e+02
3.197326e-01 8.797055e-01 -3.519792e-01 -9.011838e+01 -6.706895e-01 -5.227429e-02 -7.398939e-01 -2.555599e+01 -6.692882e-01 4.726369e-01 5.732954e-01 1.066380e+02
-6.353075e-01 6.027835e-01 4.827386e-01 -9.057858e+01 6.608578e-01 1.009289e-01 7.436937e-01 -2.568701e+01 3.995640e-01 7.914957e-01 -4.624751e-01 1.071826e+02
1.020539e-01 8.467107e-01 -5.221742e-01 -9.104652e+01 -5.561951e-01 -3.866353e-01 -7.356359e-01 -2.581999e+01 -8.247618e-01 3.655052e-01 4.314787e-01 1.077358e+02
-8.823724e-01 3.992108e-01 2.490977e-01 -9.151477e+01 4.493661e-01 5.578369e-01 6.977737e-01 -2.595316e+01 1.396029e-01 7.276323e-01 -6.716117e-01 1.082903e+02
-9.012480e-02 7.101054e-01 -6.983036e-01 -9.196252e+01 -3.422838e-01 -6.805315e-01 -6.478570e-01 -2.608039e+01 -9.352643e-01 1.806301e-01 3.043904e-01 1.088201e+02
-7.835175e-01 5.128394e-01 3.508504e-01 -9.242295e+01 5.687729e-01 3.645747e-01 7.372806e-01 -2.621119e+01 2.501954e-01 7.772265e-01 -5.773398e-01 1.093639e+02
1.273049e-01 8.558131e-01 -5.013756e-01 -9.284888e+01 -5.776985e-01 -3.469225e-01 -7.388566e-01 -2.633235e+01 -8.062617e-01 3.837040e-01 4.502370e-01 1.098680e+02
-9.228322e-01 3.274783e-01 2.028268e-01 -9.327915e+01 3.755890e-01 6.480628e-01 6.625311e-01 -2.645470e+01 8.552002e-02 6.875846e-01 -7.210505e-01 1.103776e+02
-3.710540e-02 7.626848e-01 -6.457051e-01 -9.370681e+01 -4.198232e-01 -5.982603e-01 -6.825196e-01 -2.657625e+01 -9.068471e-01 2.457568e-01 3.423915e-01 1.108837e+02
-8.483366e-01 4.451962e-01 2.865753e-01 -9.412769e+01 4.989380e-01 4.910984e-01 7.140610e-01 -2.669594e+01 1.771606e-01 7.487474e-01 -6.387421e-01 1.113816e+02
4.965341e-01 8.353374e-01 -2.359348e-01 -9.454416e+01 -6.936571e-01 2.184548e-01 -6.863799e-01 -2.681396e+01 -5.218177e-01 5.044689e-01 6.879080e-01 1.118734e+02
-2.831761e-01 6.090241e-01 7.408785e-01 -9.495435e+01 6.608594e-01 -4.359212e-01 6.109317e-01 -2.692983e+01 6.950368e-01 6.626177e-01 -2.790368e-01 1.123596e+02
7.462267e-01 6.589634e-01 -9.440809e-02 -9.535627e+01 -5.994009e-01 6.034293e-01 -5.259197e-01 -2.704349e+01 -2.895933e-01 4.490437e-01 8.452784e-01 1.128352e+02
-2.860475e-02 4.522351e-01 8.914399e-01 -9.574885e+01 4.923732e-01 -7.697366e-01 4.062933e-01 -2.715507e+01 8.699140e-01 4.505430e-01 -2.006503e-01 1.132997e+02
9.908091e-01 1.289463e-01 -4.086856e-02 -9.614041e+01 -1.321022e-01 9.873822e-01 -8.732369e-02 -2.726632e+01 2.909282e-02 9.191994e-02 9.953413e-01 1.137636e+02
